37	1	1	4	3	2	1	400	1	2	3	1	2	1194	1	
37	1	2	4	3	2	1	400	1	1	4	1	1	942	1	
37	1	3	4	3	2	1	400	1	1	4	1	1	1331	1	
37	1	4	4	3	2	1	400	1	1	4	1	1	670	1	
37	1	5	4	3	2	1	400	1	2	3	1	2	483	1	
37	1	6	4	3	2	1	400	1	4	1	1	4	704	1	
37	1	7	4	3	2	1	400	1	1	4	1	1	513	1	
37	1	8	4	3	2	1	400	1	2	3	1	2	408	1	
37	1	9	4	3	2	1	400	1	4	1	1	4	529	1	
37	1	10	4	3	2	1	400	1	2	3	1	1	435	0	
37	1	11	4	3	2	1	400	1	3	2	1	3	511	1	
37	1	12	4	3	2	1	400	1	4	1	1	4	497	1	
37	1	13	4	3	2	1	400	1	3	2	1	3	676	1	
37	1	14	4	3	2	1	400	1	4	1	1	4	544	1	
37	1	15	4	3	2	1	400	1	1	1	0	1	509	1	
37	1	16	4	3	2	1	400	1	2	3	1	2	518	1	
37	1	17	4	3	2	1	400	1	4	1	1	4	533	1	
37	1	18	4	3	2	1	400	1	1	4	1	1	790	1	
37	1	19	4	3	2	1	400	1	4	1	1	4	497	1	
37	1	20	4	3	2	1	400	1	1	4	1	1	408	1	
37	2	1	4	3	2	1	400	1	3	2	1	3	499	1	
37	2	2	4	3	2	1	400	1	4	1	1	4	330	1	
37	2	3	4	3	2	1	400	1	1	1	0	1	314	1	
37	2	4	4	3	2	1	400	1	3	2	1	3	485	1	
37	2	5	4	3	2	1	400	1	3	2	1	3	434	1	
37	2	6	4	3	2	1	400	1	3	2	1	3	515	1	
37	2	7	4	3	2	1	400	1	3	1	0	3	447	1	
37	2	8	4	3	2	1	400	1	1	4	1	1	363	1	
37	2	9	4	3	2	1	400	1	4	1	1	3	446	0	
37	2	10	4	3	2	1	400	1	4	1	1	4	518	1	
37	2	11	4	3	2	1	400	1	1	4	1	1	396	1	
37	2	12	4	3	2	1	400	1	1	4	1	1	463	1	
37	2	13	4	3	2	1	400	1	4	1	1	4	539	1	
37	2	14	4	3	2	1	400	1	3	2	1	3	476	1	
37	2	15	4	3	2	1	400	1	2	3	1	2	424	1	
37	2	16	4	3	2	1	400	1	4	1	1	4	454	1	
37	2	17	4	3	2	1	400	1	4	4	0	4	585	1	
37	2	18	4	3	2	1	400	1	3	2	1	3	313	1	
37	2	19	4	3	2	1	400	1	2	2	0	2	394	1	
37	2	20	4	3	2	1	400	1	4	1	1	4	465	1	
37	3	1	4	3	2	1	400	1	2	3	1	2	523	1	
37	3	2	4	3	2	1	400	1	1	4	1	1	390	1	
37	3	3	4	3	2	1	400	1	1	4	1	1	438	1	
37	3	4	4	3	2	1	400	1	2	3	1	1	468	0	
37	3	5	4	3	2	1	400	1	3	2	1	3	377	1	
37	3	6	4	3	2	1	400	1	3	2	1	3	315	1	
37	3	7	4	3	2	1	400	1	1	4	1	1	472	1	
37	3	8	4	3	2	1	400	1	3	1	0	3	456	1	
37	3	9	4	3	2	1	400	1	1	2	0	2	769	0	
37	3	10	4	3	2	1	400	1	1	4	1	1	374	1	
37	3	11	4	3	2	1	400	1	2	3	1	3	396	0	
37	3	12	4	3	2	1	400	1	3	2	1	4	412	0	
37	3	13	4	3	2	1	400	1	2	3	1	3	356	0	
37	3	14	4	3	2	1	400	1	1	4	1	1	421	1	
37	3	15	4	3	2	1	400	1	3	2	1	3	431	1	
37	3	16	4	3	2	1	400	1	2	3	1	2	372	1	
37	3	17	4	3	2	1	400	1	3	2	1	3	432	1	
37	3	18	4	3	2	1	400	1	3	2	1	3	376	1	
37	3	19	4	3	2	1	400	1	1	4	1	1	504	1	
37	3	20	4	3	2	1	400	1	2	3	1	2	339	1	
37	4	1	4	3	2	1	400	1	1	4	1	1	411	1	
37	4	2	4	3	2	1	400	1	2	3	1	2	406	1	
37	4	3	4	3	2	1	400	1	1	4	1	2	423	0	
37	4	4	4	3	2	1	400	1	4	1	1	4	425	1	
37	4	5	4	3	2	1	400	1	1	4	1	1	370	1	
37	4	6	4	3	2	1	400	1	4	1	1	4	474	1	
37	4	7	4	3	2	1	400	1	2	3	1	1	346	0	
37	4	8	4	3	2	1	400	1	2	3	1	2	422	1	
37	4	9	4	3	2	1	400	1	4	1	1	4	428	1	
37	4	10	4	3	2	1	400	1	2	3	1	1	559	0	
37	4	11	4	3	2	1	400	1	3	2	1	3	372	1	
37	4	12	4	3	2	1	400	1	1	1	0	1	440	1	
37	4	13	4	3	2	1	400	1	4	2	0	4	412	1	
37	4	14	4	3	2	1	400	1	3	2	1	3	400	1	
37	4	15	4	3	2	1	400	1	3	4	0	4	423	0	
37	4	16	4	3	2	1	400	1	3	2	1	3	424	1	
37	4	17	4	3	2	1	400	1	4	1	1	2	350	0	
37	4	18	4	3	2	1	400	1	3	2	1	1	224	0	
37	4	19	4	3	2	1	400	1	3	2	1	3	354	1	
37	4	20	4	3	2	1	400	1	1	4	1	2	387	0	
37	5	1	4	3	2	1	400	1	3	2	1	2	427	0	
37	5	2	4	3	2	1	400	1	2	3	1	2	427	1	
37	5	3	4	3	2	1	400	1	4	4	0	4	316	1	
37	5	4	4	3	2	1	400	1	1	4	1	1	299	1	
37	5	5	4	3	2	1	400	1	1	4	1	3	357	0	
37	5	6	4	3	2	1	400	1	1	4	1	1	350	1	
37	5	7	4	3	2	1	400	1	1	4	1	1	395	1	
37	5	8	4	3	2	1	400	1	4	1	1	4	421	1	
37	5	9	4	3	2	1	400	1	3	2	1	3	360	1	
37	5	10	4	3	2	1	400	1	3	1	0	1	409	0	
37	5	11	4	3	2	1	400	1	1	1	0	1	369	1	
37	5	12	4	3	2	1	400	1	1	4	1	1	320	1	
37	5	13	4	3	2	1	400	1	2	3	1	1	406	0	
37	5	14	4	3	2	1	400	1	2	3	1	2	463	1	
37	5	15	4	3	2	1	400	1	4	1	1	4	382	1	
37	5	16	4	3	2	1	400	1	3	2	1	3	333	1	
37	5	17	4	3	2	1	400	1	3	2	1	3	408	1	
37	5	18	4	3	2	1	400	1	2	3	1	2	362	1	
37	5	19	4	3	2	1	400	1	1	4	1	1	425	1	
37	5	20	4	3	2	1	400	1	2	3	1	2	435	1	
37	6	1	4	3	2	1	400	1	2	2	0	2	474	1	
37	6	2	4	3	2	1	400	1	4	1	1	4	447	1	
37	6	3	4	3	2	1	400	1	1	4	1	1	411	1	
37	6	4	4	3	2	1	400	1	4	1	1	4	400	1	
37	6	5	4	3	2	1	400	1	3	2	1	3	303	1	
37	6	6	4	3	2	1	400	1	4	1	1	4	472	1	
37	6	7	4	3	2	1	400	1	4	1	1	4	459	1	
37	6	8	4	3	2	1	400	1	2	3	1	2	325	1	
37	6	9	4	3	2	1	400	1	4	1	1	4	409	1	
37	6	10	4	3	2	1	400	1	4	1	1	1	388	0	
37	6	11	4	3	2	1	400	1	2	3	1	3	425	0	
37	6	12	4	3	2	1	400	1	3	2	1	1	349	0	
37	6	13	4	3	2	1	400	1	1	4	1	1	337	1	
37	6	14	4	3	2	1	400	1	4	1	1	4	357	1	
37	6	15	4	3	2	1	400	1	3	4	0	3	331	1	
37	6	16	4	3	2	1	400	1	2	2	0	2	367	1	
37	6	17	4	3	2	1	400	1	2	3	1	2	474	1	
37	6	18	4	3	2	1	400	1	3	2	1	3	329	1	
37	6	19	4	3	2	1	400	1	2	3	1	2	465	1	
37	6	20	4	3	2	1	400	1	1	3	0	1	347	1	
37	7	1	4	3	2	1	400	1	4	2	0	4	440	1	
37	7	2	4	3	2	1	400	1	1	4	1	2	336	0	
37	7	3	4	3	2	1	400	1	1	4	1	2	356	0	
37	7	4	4	3	2	1	400	1	3	2	1	4	506	0	
37	7	5	4	3	2	1	400	1	3	2	1	3	390	1	
37	7	6	4	3	2	1	400	1	4	1	1	4	311	1	
37	7	7	4	3	2	1	400	1	4	1	1	4	402	1	
37	7	8	4	3	2	1	400	1	2	3	1	2	452	1	
37	7	9	4	3	2	1	400	1	3	2	1	2	365	0	
37	7	10	4	3	2	1	400	1	3	2	1	3	403	1	
37	7	11	4	3	2	1	400	1	2	3	1	2	479	1	
37	7	12	4	3	2	1	400	1	2	3	1	3	421	0	
37	7	13	4	3	2	1	400	1	2	3	1	2	374	1	
37	7	14	4	3	2	1	400	1	1	4	1	1	383	1	
37	7	15	4	3	2	1	400	1	3	2	1	3	381	1	
37	7	16	4	3	2	1	400	1	4	1	1	4	268	1	
37	7	17	4	3	2	1	400	1	2	3	1	2	311	1	
37	7	18	4	3	2	1	400	1	4	1	1	4	349	1	
37	7	19	4	3	2	1	400	1	2	3	1	2	353	1	
37	7	20	4	3	2	1	400	1	2	3	1	2	367	1	
37	8	1	4	3	2	1	400	1	4	1	1	4	375	1	
37	8	2	4	3	2	1	400	1	4	1	1	4	359	1	
37	8	3	4	3	2	1	400	1	4	1	1	4	394	1	
37	8	4	4	3	2	1	400	1	2	3	1	3	382	0	
37	8	5	4	3	2	1	400	1	1	4	1	1	413	1	
37	8	6	4	3	2	1	400	1	2	3	1	1	388	0	
37	8	7	4	3	2	1	400	1	4	1	1	2	343	0	
37	8	8	4	3	2	1	400	1	4	1	1	4	444	1	
37	8	9	4	3	2	1	400	1	1	4	1	1	458	1	
37	8	10	4	3	2	1	400	1	4	1	1	4	482	1	
37	8	11	4	3	2	1	400	1	1	4	1	1	483	1	
37	8	12	4	3	2	1	400	1	3	2	1	3	212	1	
37	8	13	4	3	2	1	400	1	1	2	0	2	415	0	
37	8	14	4	3	2	1	400	1	1	4	1	1	346	1	
37	8	15	4	3	2	1	400	1	1	4	1	1	225	1	
37	8	16	4	3	2	1	400	1	1	4	1	1	356	1	
37	8	17	4	3	2	1	400	1	2	3	1	2	341	1	
37	8	18	4	3	2	1	400	1	1	4	1	3	281	0	
37	8	19	4	3	2	1	400	1	4	1	1	4	339	1	
37	8	20	4	3	2	1	400	1	4	1	1	1	317	0	
37	9	1	4	3	2	1	400	1	3	2	1	3	467	1	
37	9	2	4	3	2	1	400	1	2	3	1	2	443	1	
37	9	3	4	3	2	1	400	1	4	1	1	4	451	1	
37	9	4	4	3	2	1	400	1	1	4	1	1	431	1	
37	9	5	4	3	2	1	400	1	3	2	1	3	449	1	
37	9	6	4	3	2	1	400	1	1	4	1	1	489	1	
37	9	7	4	3	2	1	400	1	3	1	0	3	401	1	
37	9	8	4	3	2	1	400	1	1	4	1	2	411	0	
37	9	9	4	3	2	1	400	1	3	2	1	3	535	1	
37	9	10	4	3	2	1	400	1	3	2	1	3	395	1	
37	9	11	4	3	2	1	400	1	3	3	0	3	429	1	
37	9	12	4	3	2	1	400	1	2	3	1	2	442	1	
37	9	13	4	3	2	1	400	1	4	1	1	4	326	1	
37	9	14	4	3	2	1	400	1	4	1	1	4	412	1	
37	9	15	4	3	2	1	400	1	3	2	1	3	330	1	
37	9	16	4	3	2	1	400	1	4	1	1	4	427	1	
37	9	17	4	3	2	1	400	1	3	2	1	3	414	1	
37	9	18	4	3	2	1	400	1	4	2	0	3	479	0	
37	9	19	4	3	2	1	400	1	2	3	1	3	365	0	
37	9	20	4	3	2	1	400	1	2	3	1	2	408	1	
37	10	1	4	3	2	1	400	1	3	2	1	3	390	1	
37	10	2	4	3	2	1	400	1	1	4	1	3	341	0	
37	10	3	4	3	2	1	400	1	2	3	1	2	429	1	
37	10	4	4	3	2	1	400	1	4	3	0	2	302	0	
37	10	5	4	3	2	1	400	1	4	1	1	3	429	0	
37	10	6	4	3	2	1	400	1	1	4	1	1	393	1	
37	10	7	4	3	2	1	400	1	1	4	1	1	396	1	
37	10	8	4	3	2	1	400	1	4	1	1	1	372	0	
37	10	9	4	3	2	1	400	1	2	3	1	2	395	1	
37	10	10	4	3	2	1	400	1	3	2	1	3	261	1	
37	10	11	4	3	2	1	400	1	2	3	1	2	411	1	
37	10	12	4	3	2	1	400	1	1	4	1	4	350	0	
37	10	13	4	3	2	1	400	1	3	2	1	3	374	1	
37	10	14	4	3	2	1	400	1	4	1	1	4	407	1	
37	10	15	4	3	2	1	400	1	1	4	1	1	403	1	
37	10	16	4	3	2	1	400	1	1	4	1	3	329	0	
37	10	17	4	3	2	1	400	1	3	3	0	3	389	1	
37	10	18	4	3	2	1	400	1	4	1	1	4	1849	1	
37	10	19	4	3	2	1	400	1	3	2	1	3	514	1	
37	10	20	4	3	2	1	400	1	4	1	1	3	471	0	
37	11	1	4	3	2	1	400	1	3	2	1	3	378	1	
37	11	2	4	3	2	1	400	1	2	3	1	2	456	1	
37	11	3	4	3	2	1	400	1	4	1	1	4	502	1	
37	11	4	4	3	2	1	400	1	4	1	1	4	467	1	
37	11	5	4	3	2	1	400	1	3	2	1	3	344	1	
37	11	6	4	3	2	1	400	1	1	4	1	1	477	1	
37	11	7	4	3	2	1	400	1	2	3	1	2	354	1	
37	11	8	4	3	2	1	400	1	1	4	1	4	374	0	
37	11	9	4	3	2	1	400	1	1	4	1	1	392	1	
37	11	10	4	3	2	1	400	1	4	1	1	4	474	1	
37	11	11	4	3	2	1	400	1	1	4	1	1	456	1	
37	11	12	4	3	2	1	400	1	1	4	1	1	445	1	
37	11	13	4	3	2	1	400	1	4	1	1	1	375	0	
37	11	14	4	3	2	1	400	1	4	1	1	4	474	1	
37	11	15	4	3	2	1	400	1	4	1	1	4	405	1	
37	11	16	4	3	2	1	400	1	1	4	1	1	365	1	
37	11	17	4	3	2	1	400	1	3	2	1	3	452	1	
37	11	18	4	3	2	1	400	1	3	2	1	3	370	1	
37	11	19	4	3	2	1	400	1	3	2	1	3	334	1	
37	11	20	4	3	2	1	400	1	1	4	1	1	507	1	
37	12	1	4	3	2	1	400	1	2	3	1	2	489	1	
37	12	2	4	3	2	1	400	1	2	3	1	2	455	1	
37	12	3	4	3	2	1	400	1	4	1	1	4	453	1	
37	12	4	4	3	2	1	400	1	3	4	0	3	390	1	
37	12	5	4	3	2	1	400	1	3	2	1	3	380	1	
37	12	6	4	3	2	1	400	1	3	2	1	3	393	1	
37	12	7	4	3	2	1	400	1	2	3	1	2	443	1	
37	12	8	4	3	2	1	400	1	2	3	1	2	403	1	
37	12	9	4	3	2	1	400	1	2	3	1	3	421	0	
37	12	10	4	3	2	1	400	1	1	4	1	1	387	1	
37	12	11	4	3	2	1	400	1	4	1	1	4	463	1	
37	12	12	4	3	2	1	400	1	3	2	1	3	336	1	
37	12	13	4	3	2	1	400	1	2	3	1	2	462	1	
37	12	14	4	3	2	1	400	1	3	3	0	2	340	0	
37	12	15	4	3	2	1	400	1	4	1	1	4	410	1	
37	12	16	4	3	2	1	400	1	2	3	1	2	400	1	
37	12	17	4	3	2	1	400	1	4	1	1	4	382	1	
37	12	18	4	3	2	1	400	1	2	1	0	2	447	1	
37	12	19	4	3	2	1	400	1	4	1	1	4	498	1	
37	12	20	4	3	2	1	400	1	3	2	1	3	351	1	
37	13	1	4	3	2	1	400	1	2	3	1	2	434	1	
37	13	2	4	3	2	1	400	1	4	1	1	4	415	1	
37	13	3	4	3	2	1	400	1	4	1	1	4	442	1	
37	13	4	4	3	2	1	400	1	2	3	1	2	421	1	
37	13	5	4	3	2	1	400	1	2	3	1	1	425	0	
37	13	6	4	3	2	1	400	1	2	3	1	2	376	1	
37	13	7	4	3	2	1	400	1	2	3	1	2	391	1	
37	13	8	4	3	2	1	400	1	4	1	1	4	422	1	
37	13	9	4	3	2	1	400	1	3	2	1	3	314	1	
37	13	10	4	3	2	1	400	1	1	4	1	1	494	1	
37	13	11	4	3	2	1	400	1	4	1	1	4	327	1	
37	13	12	4	3	2	1	400	1	1	4	1	1	324	1	
37	13	13	4	3	2	1	400	1	3	2	1	3	357	1	
37	13	14	4	3	2	1	400	1	2	3	1	2	468	1	
37	13	15	4	3	2	1	400	1	2	3	1	2	405	1	
37	13	16	4	3	2	1	400	1	2	3	1	2	357	1	
37	13	17	4	3	2	1	400	1	4	1	1	4	356	1	
37	13	18	4	3	2	1	400	1	4	1	1	4	386	1	
37	13	19	4	3	2	1	400	1	4	1	1	2	376	0	
37	13	20	4	3	2	1	400	1	1	4	1	1	287	1	
37	14	1	4	3	2	1	400	1	4	3	0	4	442	1	
37	14	2	4	3	2	1	400	1	4	4	0	4	233	1	
37	14	3	4	3	2	1	400	1	2	3	1	2	421	1	
37	14	4	4	3	2	1	400	1	2	3	1	2	283	1	
37	14	5	4	3	2	1	400	1	3	2	1	3	315	1	
37	14	6	4	3	2	1	400	1	3	2	1	4	369	0	
37	14	7	4	3	2	1	400	1	4	1	1	4	344	1	
37	14	8	4	3	2	1	400	1	1	4	1	1	221	1	
37	14	9	4	3	2	1	400	1	1	4	1	1	291	1	
37	14	10	4	3	2	1	400	1	1	4	1	1	396	1	
37	14	11	4	3	2	1	400	1	2	1	0	1	386	0	
37	14	12	4	3	2	1	400	1	1	3	0	2	433	0	
37	14	13	4	3	2	1	400	1	2	3	1	4	362	0	
37	14	14	4	3	2	1	400	1	1	4	1	1	485	1	
37	14	15	4	3	2	1	400	1	1	4	1	1	338	1	
37	14	16	4	3	2	1	400	1	1	3	0	2	338	0	
37	14	17	4	3	2	1	400	1	4	1	1	4	398	1	
37	14	18	4	3	2	1	400	1	2	3	1	2	411	1	
37	14	19	4	3	2	1	400	1	2	3	1	3	232	0	
37	14	20	4	3	2	1	400	1	1	4	1	3	387	0	
37	15	1	4	3	2	1	400	1	1	4	1	1	315	1	
37	15	2	4	3	2	1	400	1	2	3	1	2	438	1	
37	15	3	4	3	2	1	400	1	1	4	1	1	470	1	
37	15	4	4	3	2	1	400	1	3	2	1	1	348	0	
37	15	5	4	3	2	1	400	1	3	2	1	1	198	0	
37	15	6	4	3	2	1	400	1	4	1	1	1	165	0	
37	15	7	4	3	2	1	400	1	3	2	1	1	200	0	
37	15	8	4	3	2	1	400	1	4	1	1	1	172	0	
37	15	9	4	3	2	1	400	1	2	3	1	1	-19	0	
37	15	10	4	3	2	1	400	1	2	3	1	1	168	0	
37	15	11	4	3	2	1	400	1	3	2	1	1	200	0	
37	15	12	4	3	2	1	400	1	3	2	1	1	161	0	
37	15	13	4	3	2	1	400	1	2	3	1	4	252	0	
37	15	14	4	3	2	1	400	1	3	2	1	1	189	0	
37	15	15	4	3	2	1	400	1	3	2	1	1	87	0	
37	15	16	4	3	2	1	400	1	1	1	0	1	55	1	
37	15	17	4	3	2	1	400	1	3	2	1	3	88	1	
37	15	18	4	3	2	1	400	1	2	3	1	1	175	0	
37	15	19	4	3	2	1	400	1	2	3	1	3	85	0	
37	15	20	4	3	2	1	400	1	4	1	1	1	195	0	
37	16	1	4	3	2	1	400	1	2	3	1	2	150	1	
37	16	2	4	3	2	1	400	1	2	3	1	3	69	0	
37	16	3	4	3	2	1	400	1	4	1	1	4	208	1	
37	16	4	4	3	2	1	400	1	3	3	0	1	119	0	
37	16	5	4	3	2	1	400	1	2	3	1	2	36	1	
37	16	6	4	3	2	1	400	1	1	4	1	3	-67	0	
37	16	7	4	3	2	1	400	1	4	1	1	4	97	1	
37	16	8	4	3	2	1	400	1	2	3	1	4	-55	0	
37	16	9	4	3	2	1	400	1	3	4	0	4	307	0	
37	16	10	4	3	2	1	400	1	2	3	1	1	209	0	
37	16	11	4	3	2	1	400	1	2	3	1	1	193	0	
37	16	12	4	3	2	1	400	1	4	1	1	2	34	0	
37	16	13	4	3	2	1	400	1	2	3	1	2	159	1	
37	16	14	4	3	2	1	400	1	3	2	1	2	130	0	
37	16	15	4	3	2	1	400	1	2	3	1	2	-133	1	
37	16	16	4	3	2	1	400	1	1	4	1	2	33	0	
37	16	17	4	3	2	1	400	1	1	4	1	2	-8	0	
37	16	18	4	3	2	1	400	1	1	4	1	3	9	0	
37	16	19	4	3	2	1	400	1	2	3	1	2	8	1	
37	16	20	4	3	2	1	400	1	1	3	0	2	7	0	
