21	17	1	2	3	4	1	600	1	2	3	1	2	644	1	
21	17	2	2	3	4	1	600	1	4	2	0	4	482	1	
21	17	3	2	3	4	1	600	1	1	4	0	1	519	1	
21	17	4	2	3	4	1	600	1	1	1	0	2	509	0	
21	17	5	2	3	4	1	600	1	1	4	0	1	486	1	
21	17	6	2	3	4	1	600	1	3	2	0	3	479	1	
21	17	7	2	3	4	1	600	1	4	4	0	4	438	1	
21	17	8	2	3	4	1	600	1	4	4	0	4	431	1	
21	17	9	2	3	4	1	600	1	3	1	0	3	504	1	
21	17	10	2	3	4	1	600	1	4	2	0	4	481	1	
21	17	11	2	3	4	1	600	1	1	2	1	1	537	1	
21	17	12	2	3	4	1	600	1	3	3	0	3	528	1	
21	17	13	2	3	4	1	600	1	2	3	1	2	471	1	
21	17	14	2	3	4	1	600	1	1	1	0	1	479	1	
21	17	15	2	3	4	1	600	1	4	4	0	4	440	1	
21	17	16	2	3	4	1	600	1	1	2	1	1	433	1	
21	17	17	2	3	4	1	600	1	2	1	0	2	472	1	
21	17	18	2	3	4	1	600	1	3	3	0	3	465	1	
21	17	19	2	3	4	1	600	1	4	3	0	4	409	1	
21	17	20	2	3	4	1	600	1	2	1	0	2	448	1	
21	18	1	2	3	4	1	600	1	3	4	1	3	442	1	
21	18	2	2	3	4	1	600	1	2	4	0	2	451	1	
21	18	3	2	3	4	1	600	1	1	1	0	1	491	1	
21	18	4	2	3	4	1	600	1	4	1	1	4	437	1	
21	18	5	2	3	4	1	600	1	4	2	0	4	445	1	
21	18	6	2	3	4	1	600	1	3	3	0	3	405	1	
21	18	7	2	3	4	1	600	1	2	3	1	2	381	1	
21	18	8	2	3	4	1	600	1	1	4	0	1	388	1	
21	18	9	2	3	4	1	600	1	3	1	0	3	525	1	
21	18	10	2	3	4	1	600	1	3	2	0	3	406	1	
21	18	11	2	3	4	1	600	1	2	4	0	2	606	1	
21	18	12	2	3	4	1	600	1	1	4	0	1	742	1	
21	18	13	2	3	4	1	600	1	2	2	0	2	479	1	
21	18	14	2	3	4	1	600	1	1	1	0	1	503	1	
21	18	15	2	3	4	1	600	1	1	2	1	1	543	1	
21	18	16	2	3	4	1	600	1	4	3	0	4	487	1	
21	18	17	2	3	4	1	600	1	4	2	0	4	478	1	
21	18	18	2	3	4	1	600	1	2	2	0	2	438	1	
21	18	19	2	3	4	1	600	1	1	4	0	1	510	1	
21	18	20	2	3	4	1	600	1	3	3	0	3	518	1	
21	19	1	2	3	4	1	600	1	2	2	0	2	505	1	
21	19	2	2	3	4	1	600	1	4	1	1	4	481	1	
21	19	3	2	3	4	1	600	1	2	2	0	1	602	0	
21	19	4	2	3	4	1	600	1	4	1	1	4	450	1	
21	19	5	2	3	4	1	600	1	4	3	0	4	413	1	
21	19	6	2	3	4	1	600	1	3	1	0	3	482	1	
21	19	7	2	3	4	1	600	1	1	2	1	1	571	1	
21	19	8	2	3	4	1	600	1	2	4	0	2	562	1	
21	19	9	2	3	4	1	600	1	4	1	1	4	443	1	
21	19	10	2	3	4	1	600	1	3	4	1	3	532	1	
21	19	11	2	3	4	1	600	1	2	4	0	2	413	1	
21	19	12	2	3	4	1	600	1	2	1	0	2	502	1	
21	19	13	2	3	4	1	600	1	3	1	0	3	543	1	
21	19	14	2	3	4	1	600	1	2	4	0	2	471	1	
21	19	15	2	3	4	1	600	1	4	3	0	4	496	1	
21	19	16	2	3	4	1	600	1	3	2	0	3	536	1	
21	19	17	2	3	4	1	600	1	2	3	1	3	399	0	
21	19	18	2	3	4	1	600	1	3	3	0	3	519	1	
21	19	19	2	3	4	1	600	1	3	3	0	3	430	1	
21	19	20	2	3	4	1	600	1	3	1	0	3	374	1	
21	20	1	2	3	4	1	600	1	2	2	0	2	441	1	
21	20	2	2	3	4	1	600	1	3	2	0	3	449	1	
21	20	3	2	3	4	1	600	1	3	4	1	3	361	1	
21	20	4	2	3	4	1	600	1	2	4	0	2	434	1	
21	20	5	2	3	4	1	600	1	3	4	1	3	299	1	
21	20	6	2	3	4	1	600	1	2	2	0	2	387	1	
21	20	7	2	3	4	1	600	1	1	3	0	1	539	1	
21	20	8	2	3	4	1	600	1	1	3	0	1	403	1	
21	20	9	2	3	4	1	600	1	2	2	0	2	426	1	
21	20	10	2	3	4	1	600	1	2	4	0	3	386	0	
21	20	11	2	3	4	1	600	1	3	1	0	3	523	1	
21	20	12	2	3	4	1	600	1	2	3	1	2	388	1	
21	20	13	2	3	4	1	600	1	4	2	0	4	460	1	
21	20	14	2	3	4	1	600	1	3	4	1	3	723	1	
21	20	15	2	3	4	1	600	1	4	1	1	4	476	1	
21	20	16	2	3	4	1	600	1	2	3	1	2	357	1	
21	20	17	2	3	4	1	600	1	2	1	0	2	508	1	
21	20	18	2	3	4	1	600	1	1	2	1	1	485	1	
21	20	19	2	3	4	1	600	1	4	3	0	4	493	1	
21	20	20	2	3	4	1	600	1	2	1	0	2	388	1	
21	21	1	2	3	4	1	600	1	4	4	0	4	473	1	
21	21	2	2	3	4	1	600	1	2	3	1	2	642	1	
21	21	3	2	3	4	1	600	1	1	3	0	1	426	1	
21	21	4	2	3	4	1	600	1	3	3	0	3	513	1	
21	21	5	2	3	4	1	600	1	1	1	0	1	489	1	
21	21	6	2	3	4	1	600	1	4	3	0	4	418	1	
21	21	7	2	3	4	1	600	1	1	2	1	2	538	0	
21	21	8	2	3	4	1	600	1	4	3	0	4	481	1	
21	21	9	2	3	4	1	600	1	4	2	0	4	441	1	
21	21	10	2	3	4	1	600	1	2	3	1	3	464	0	
21	21	11	2	3	4	1	600	1	3	1	0	3	472	1	
21	21	12	2	3	4	1	600	1	1	2	1	1	481	1	
21	21	13	2	3	4	1	600	1	4	3	0	4	520	1	
21	21	14	2	3	4	1	600	1	2	2	0	2	656	1	
21	21	15	2	3	4	1	600	1	4	4	0	4	439	1	
21	21	16	2	3	4	1	600	1	4	3	0	4	368	1	
21	21	17	2	3	4	1	600	1	1	1	0	2	472	0	
21	21	18	2	3	4	1	600	1	2	1	0	2	401	1	
21	21	19	2	3	4	1	600	1	1	2	1	1	425	1	
21	21	20	2	3	4	1	600	1	1	2	1	1	321	1	
