#TrainType3  -  Started: 5/29/2007 8:30:01 AM	
#SubID	Block	Trial	Condition	Digit	Picture	Response	Correct_Response	Accuracy	RT	
34	1	1	1	6	6	C	.	I	7383	
34	1	2	1	2	2	X	X	C	1795	
34	1	3	1	3	4	C	C	C	1187	
34	1	4	1	4	5	M	M	C	1219	
34	1	5	1	1	1	Z	Z	C	867	
34	1	6	1	4	5	M	M	C	995	
34	1	7	1	3	4	C	C	C	835	
34	1	8	1	5	3	,	,	C	962	
34	1	9	1	2	2	X	X	C	802	
34	1	10	1	5	3	,	,	C	1603	
34	1	11	1	6	6	.	.	C	938	
34	1	12	1	4	5	M	M	C	803	
34	1	13	1	2	2	X	X	C	1248	
34	1	14	1	5	3	,	,	C	738	
34	1	15	1	6	6	.	.	C	690	
34	1	16	1	1	1	Z	Z	C	773	
34	1	17	1	2	2	X	X	C	787	
34	1	18	1	6	6	.	.	C	739	
34	1	19	1	3	4	C	C	C	867	
34	1	20	1	6	6	.	.	C	595	
34	1	21	1	2	2	X	X	C	771	
34	1	22	1	1	1	Z	Z	C	624	
34	1	23	1	5	3	,	,	C	803	
34	1	24	1	3	4	C	C	C	691	
34	1	25	1	1	1	Z	Z	C	672	
34	1	26	1	4	5	M	M	C	736	
34	1	27	1	1	1	Z	Z	C	667	
34	1	28	1	2	2	X	X	C	688	
34	1	29	1	5	3	,	,	C	659	
34	1	30	1	6	6	.	.	C	627	
34	1	31	1	3	4	C	C	C	627	
34	1	32	1	6	6	.	.	C	579	
34	1	33	1	2	2	X	X	C	708	
34	1	34	1	5	3	,	,	C	661	
34	1	35	1	3	4	C	C	C	583	
34	1	36	1	6	6	.	.	C	659	
34	1	37	1	2	2	X	X	C	659	
34	1	38	1	4	5	M	M	C	739	
34	1	39	1	5	3	,	,	C	627	
34	1	40	1	5	3	,	,	C	627	
34	1	41	1	2	2	X	X	C	547	
34	1	42	1	2	2	X	X	C	563	
34	1	43	1	1	1	Z	Z	C	547	
34	1	44	1	2	2	X	X	C	627	
34	1	45	1	3	4	C	C	C	539	
34	1	46	1	4	5	,	M	I	594	
34	1	47	1	4	5	M	M	C	626	
34	1	48	1	3	4	M	C	I	675	
34	1	49	1	3	4	C	C	C	723	
34	1	50	1	1	1	Z	Z	C	512	
34	2	1	1	6	6	.	.	C	824	
34	2	2	1	5	3	,	,	C	579	
34	2	3	1	3	4	C	C	C	594	
34	2	4	1	1	1	Z	Z	C	515	
34	2	5	1	3	4	C	C	C	640	
34	2	6	1	4	5	M	M	C	608	
34	2	7	1	2	2	X	X	C	563	
34	2	8	1	2	2	X	X	C	544	
34	2	9	1	4	5	M	M	C	563	
34	2	10	1	5	3	,	,	C	597	
34	2	11	1	1	1	Z	Z	C	531	
34	2	12	1	1	1	Z	Z	C	528	
34	2	13	1	4	5	M	M	C	595	
34	2	14	1	1	1	Z	Z	C	517	
34	2	15	1	4	5	M	M	C	547	
34	2	16	1	3	4	C	C	C	483	
34	2	17	1	4	5	M	M	C	579	
34	2	18	1	3	4	C	C	C	675	
34	2	19	1	6	6	.	.	C	547	
34	2	20	1	6	6	.	.	C	531	
34	2	21	1	1	1	Z	Z	C	544	
34	2	22	1	6	6	.	.	C	499	
34	2	23	1	6	6	.	.	C	528	
34	2	24	1	5	3	,	,	C	622	
34	2	25	1	2	2	X	X	C	610	
34	2	26	1	6	6	.	.	C	528	
34	2	27	1	6	6	.	.	C	499	
34	2	28	1	4	5	M	M	C	595	
34	2	29	1	6	6	.	.	C	515	
34	2	30	1	3	4	C	C	C	594	
34	2	31	1	6	6	.	.	C	579	
34	2	32	1	1	1	Z	Z	C	563	
34	2	33	1	5	3	,	,	C	659	
34	2	34	1	4	5	M	M	C	626	
34	2	35	1	5	3	,	,	C	610	
34	2	36	1	4	5	M	M	C	515	
34	2	37	1	3	4	C	C	C	610	
34	2	38	1	6	6	.	.	C	562	
34	2	39	1	6	6	.	.	C	514	
34	2	40	1	1	1	Z	Z	C	565	
34	2	41	1	2	2	X	X	C	515	
34	2	42	1	3	4	C	C	C	546	
34	2	43	1	1	1	Z	Z	C	519	
34	2	44	1	6	6	.	.	C	531	
34	2	45	1	2	2	X	X	C	626	
34	2	46	1	2	2	X	X	C	531	
34	2	47	1	6	6	.	.	C	563	
34	2	48	1	1	1	Z	Z	C	531	
34	2	49	1	3	4	C	C	C	579	
34	2	50	1	4	5	M	M	C	611	
34	3	1	1	4	5	M	M	C	763	
34	3	2	1	4	5	M	M	C	544	
34	3	3	1	2	2	X	X	C	803	
34	3	4	1	2	2	X	X	C	554	
34	3	5	1	2	2	X	X	C	531	
34	3	6	1	5	3	,	,	C	739	
34	3	7	1	2	2	X	X	C	563	
34	3	8	1	1	1	Z	Z	C	515	
34	3	9	1	2	2	X	X	C	467	
34	3	10	1	4	5	M	M	C	531	
34	3	11	1	3	4	C	C	C	544	
34	3	12	1	6	6	.	.	C	531	
34	3	13	1	1	1	Z	Z	C	531	
34	3	14	1	5	3	,	,	C	563	
34	3	15	1	2	2	X	X	C	547	
34	3	16	1	6	6	.	.	C	528	
34	3	17	1	6	6	.	.	C	435	
34	3	18	1	1	1	Z	Z	C	464	
34	3	19	1	3	4	C	C	C	787	
34	3	20	1	3	4	C	C	C	499	
34	3	21	1	1	1	Z	Z	C	483	
34	3	22	1	4	5	M	M	C	611	
34	3	23	1	4	5	M	M	C	515	
34	3	24	1	6	6	.	.	C	467	
34	3	25	1	6	6	.	.	C	531	
34	3	26	1	1	1	Z	Z	C	531	
34	3	27	1	6	6	.	.	C	499	
34	3	28	1	4	5	M	M	C	531	
34	3	29	1	2	2	X	X	C	563	
34	3	30	1	3	4	C	C	C	482	
34	3	31	1	5	3	,	,	C	546	
34	3	32	1	1	1	Z	Z	C	499	
34	3	33	1	5	3	,	,	C	739	
34	3	34	1	1	1	Z	Z	C	531	
34	3	35	1	4	5	M	M	C	716	
34	3	36	1	5	3	,	,	C	565	
34	3	37	1	1	1	Z	Z	C	514	
34	3	38	1	3	4	C	C	C	706	
34	3	39	1	2	2	X	X	C	690	
34	3	40	1	2	2	X	X	C	530	
34	3	41	1	4	5	C	M	I	450	
34	3	42	1	3	4	C	C	C	739	
34	3	43	1	6	6	.	.	C	542	
34	3	44	1	1	1	Z	Z	C	691	
34	3	45	1	4	5	M	M	C	547	
34	3	46	1	5	3	,	,	C	576	
34	3	47	1	3	4	C	C	C	547	
34	3	48	1	2	2	X	X	C	643	
34	3	49	1	2	2	X	X	C	480	
34	3	50	1	3	4	C	C	C	515	
34	4	1	1	2	2	X	X	C	682	
34	4	2	1	2	2	X	X	C	515	
34	4	3	1	5	3	,	,	C	611	
34	4	4	1	5	3	,	,	C	547	
34	4	5	1	3	4	C	C	C	515	
34	4	6	1	5	3	,	,	C	787	
34	4	7	1	2	2	X	X	C	531	
34	4	8	1	4	5	M	M	C	653	
34	4	9	1	2	2	X	X	C	499	
34	4	10	1	1	1	Z	Z	C	515	
34	4	11	1	3	4	C	C	C	515	
34	4	12	1	4	5	M	M	C	533	
34	4	13	1	1	1	Z	Z	C	531	
34	4	14	1	3	4	C	C	C	515	
34	4	15	1	5	3	,	,	C	547	
34	4	16	1	3	4	C	C	C	835	
34	4	17	1	1	1	Z	Z	C	501	
34	4	18	1	4	5	M	M	C	522	
34	4	19	1	3	4	C	C	C	533	
34	4	20	1	2	2	X	X	C	451	
34	4	21	1	4	5	M	M	C	851	
34	4	22	1	1	1	Z	Z	C	470	
34	4	23	1	4	5	M	M	C	531	
34	4	24	1	5	3	,	,	C	531	
34	4	25	1	5	3	,	,	C	563	
34	4	26	1	6	6	.	.	C	467	
34	4	27	1	2	2	X	X	C	515	
34	4	28	1	2	2	X	X	C	499	
34	4	29	1	3	4	C	C	C	482	
34	4	30	1	2	2	X	X	C	467	
34	4	31	1	6	6	.	.	C	530	
34	4	32	1	2	2	X	X	C	451	
34	4	33	1	2	2	X	X	C	531	
34	4	34	1	3	4	C	C	C	455	
34	4	35	1	5	3	,	,	C	498	
34	4	36	1	2	2	X	X	C	434	
34	4	37	1	1	1	Z	Z	C	418	
34	4	38	1	2	2	X	X	C	482	
34	4	39	1	2	2	X	X	C	482	
34	4	40	1	6	6	.	.	C	546	
34	4	41	1	6	6	.	.	C	416	
34	4	42	1	5	3	,	,	C	403	
34	4	43	1	2	2	X	X	C	531	
34	4	44	1	6	6	.	.	C	519	
34	4	45	1	2	2	X	X	C	499	
34	4	46	1	1	1	Z	Z	C	515	
34	4	47	1	6	6	.	.	C	495	
34	4	48	1	2	2	X	X	C	499	
34	4	49	1	1	1	Z	Z	C	435	
34	4	50	1	5	3	,	,	C	691	
34	5	1	1	6	6	.	.	C	715	
34	5	2	1	2	2	X	X	C	594	
34	5	3	1	2	2	X	X	C	435	
34	5	4	1	6	6	.	.	C	498	
34	5	5	1	3	4	C	C	C	642	
34	5	6	1	4	5	M	M	C	642	
34	5	7	1	6	6	.	.	C	530	
34	5	8	1	3	4	C	C	C	514	
34	5	9	1	1	1	Z	Z	C	482	
34	5	10	1	2	2	X	X	C	434	
34	5	11	1	4	5	M	M	C	509	
34	5	12	1	2	2	X	X	C	482	
34	5	13	1	5	3	,	,	C	594	
34	5	14	1	5	3	,	,	C	483	
34	5	15	1	2	2	X	X	C	483	
34	5	16	1	6	6	.	.	C	547	
34	5	17	1	1	1	Z	Z	C	467	
34	5	18	1	2	2	X	X	C	467	
34	5	19	1	5	3	,	,	C	515	
34	5	20	1	2	2	X	X	C	403	
34	5	21	1	3	4	C	C	C	531	
34	5	22	1	6	6	.	.	C	483	
34	5	23	1	4	5	M	M	C	595	
34	5	24	1	4	5	M	M	C	450	
34	5	25	1	4	5	M	M	C	478	
34	5	26	1	3	4	C	C	C	547	
34	5	27	1	4	5	M	M	C	515	
34	5	28	1	4	5	M	M	C	515	
34	5	29	1	5	3	,	,	C	563	
34	5	30	1	3	4	C	C	C	499	
34	5	31	1	3	4	C	C	C	483	
34	5	32	1	2	2	X	X	C	531	
34	5	33	1	5	3	,	,	C	531	
34	5	34	1	5	3	,	,	C	483	
34	5	35	1	3	4	C	C	C	451	
34	5	36	1	3	4	C	C	C	451	
34	5	37	1	5	3	,	,	C	451	
34	5	38	1	3	4	C	C	C	416	
34	5	39	1	6	6	.	.	C	525	
34	5	40	1	4	5	M	M	C	659	
34	5	41	1	1	1	Z	Z	C	528	
34	5	42	1	3	4	C	C	C	547	
34	5	43	1	6	6	.	.	C	528	
34	5	44	1	6	6	.	.	C	435	
34	5	45	1	5	3	,	,	C	531	
34	5	46	1	2	2	X	X	C	617	
34	5	47	1	5	3	,	,	C	530	
34	5	48	1	5	3	,	,	C	498	
34	5	49	1	5	3	,	,	C	434	
34	5	50	1	5	3	,	,	C	642	
34	6	1	1	4	5	M	M	C	667	
34	6	2	1	1	1	Z	Z	C	466	
34	6	3	1	2	2	X	X	C	499	
34	6	4	1	4	5	M	M	C	467	
34	6	5	1	6	6	.	.	C	499	
34	6	6	1	5	3	,	,	C	515	
34	6	7	1	4	5	M	M	C	611	
34	6	8	1	5	3	,	,	C	483	
34	6	9	1	2	2	X	X	C	563	
34	6	10	1	4	5	M	M	C	579	
34	6	11	1	5	3	,	,	C	483	
34	6	12	1	5	3	,	,	C	579	
34	6	13	1	5	3	,	,	C	451	
34	6	14	1	1	1	Z	Z	C	499	
34	6	15	1	5	3	,	,	C	562	
34	6	16	1	2	2	X	X	C	498	
34	6	17	1	2	2	X	X	C	418	
34	6	18	1	1	1	Z	Z	C	498	
34	6	19	1	6	6	.	.	C	530	
34	6	20	1	2	2	X	X	C	914	
34	6	21	1	3	4	C	C	C	562	
34	6	22	1	4	5	M	M	C	451	
34	6	23	1	1	1	Z	Z	C	480	
34	6	24	1	6	6	.	.	C	467	
34	6	25	1	4	5	M	M	C	515	
34	6	26	1	5	3	,	,	C	499	
34	6	27	1	4	5	M	M	C	435	
34	6	28	1	6	6	.	.	C	515	
34	6	29	1	5	3	,	,	C	501	
34	6	30	1	6	6	.	.	C	435	
34	6	31	1	2	2	X	X	C	691	
34	6	32	1	3	4	C	C	C	358	
34	6	33	1	4	5	M	M	C	435	
34	6	34	1	3	4	C	C	C	483	
34	6	35	1	6	6	.	.	C	483	
34	6	36	1	4	5	M	M	C	547	
34	6	37	1	5	3	,	,	C	419	
34	6	38	1	1	1	Z	Z	C	483	
34	6	39	1	1	1	Z	Z	C	515	
34	6	40	1	6	6	.	.	C	467	
34	6	41	1	2	2	X	X	C	656	
34	6	42	1	3	4	C	C	C	528	
34	6	43	1	1	1	Z	Z	C	531	
34	6	44	1	5	3	,	,	C	499	
34	6	45	1	4	5	M	M	C	563	
34	6	46	1	3	4	C	C	C	499	
34	6	47	1	5	3	,	,	C	547	
34	6	48	1	5	3	,	,	C	483	
34	6	49	1	1	1	Z	Z	C	499	
34	6	50	1	2	2	X	X	C	467	
34	7	1	1	1	1	Z	Z	C	683	
34	7	2	1	5	3	,	,	C	531	
34	7	3	1	6	6	.	.	C	467	
34	7	4	1	3	4	C	C	C	515	
34	7	5	1	6	6	.	.	C	595	
34	7	6	1	6	6	.	.	C	464	
34	7	7	1	5	3	,	,	C	403	
34	7	8	1	2	2	X	X	C	467	
34	7	9	1	4	5	M	M	C	467	
34	7	10	1	2	2	X	X	C	515	
34	7	11	1	4	5	M	M	C	485	
34	7	12	1	4	5	M	M	C	467	
34	7	13	1	6	6	.	.	C	451	
34	7	14	1	2	2	X	X	C	499	
34	7	15	1	1	1	Z	Z	C	483	
34	7	16	1	5	3	,	,	C	496	
34	7	17	1	1	1	Z	Z	C	451	
34	7	18	1	4	5	M	M	C	467	
34	7	19	1	3	4	C	C	C	482	
34	7	20	1	5	3	,	,	C	499	
34	7	21	1	5	3	,	,	C	448	
34	7	22	1	3	4	C	C	C	451	
34	7	23	1	6	6	.	.	C	499	
34	7	24	1	5	3	,	,	C	579	
34	7	25	1	2	2	X	X	C	611	
34	7	26	1	4	5	M	M	C	659	
34	7	27	1	6	6	.	.	C	467	
34	7	28	1	2	2	X	X	C	563	
34	7	29	1	4	5	M	M	C	639	
34	7	30	1	5	3	,	,	C	507	
34	7	31	1	5	3	,	,	C	419	
34	7	32	1	6	6	.	.	C	495	
34	7	33	1	6	6	.	.	C	467	
34	7	34	1	5	3	,	,	C	595	
34	7	35	1	3	4	C	C	C	498	
34	7	36	1	6	6	.	.	C	482	
34	7	37	1	4	5	M	M	C	498	
34	7	38	1	5	3	,	,	C	527	
34	7	39	1	5	3	,	,	C	419	
34	7	40	1	6	6	.	.	C	578	
34	7	41	1	2	2	C	X	I	515	
34	7	42	1	2	2	X	X	C	546	
34	7	43	1	1	1	Z	Z	C	515	
34	7	44	1	4	5	M	M	C	547	
34	7	45	1	3	4	C	C	C	739	
34	7	46	1	5	3	,	,	C	432	
34	7	47	1	2	2	X	X	C	611	
34	7	48	1	3	4	C	C	C	515	
34	7	49	1	1	1	Z	Z	C	563	
34	7	50	1	3	4	C	C	C	541	
34	8	1	1	5	3	,	,	C	632	
34	8	2	1	5	3	,	,	C	435	
34	8	3	1	5	3	,	,	C	460	
34	8	4	1	2	2	X	X	C	595	
34	8	5	1	3	4	C	C	C	499	
34	8	6	1	1	1	Z	Z	C	451	
34	8	7	1	5	3	,	,	C	547	
34	8	8	1	5	3	,	,	C	483	
34	8	9	1	6	6	.	.	C	499	
34	8	10	1	3	4	C	C	C	547	
34	8	11	1	3	4	C	C	C	531	
34	8	12	1	3	4	C	C	C	499	
34	8	13	1	5	3	.	,	I	515	
34	8	14	1	2	2	X	X	C	627	
34	8	15	1	5	3	,	,	C	499	
34	8	16	1	6	6	.	.	C	563	
34	8	17	1	2	2	X	X	C	531	
34	8	18	1	3	4	C	C	C	579	
34	8	19	1	6	6	.	.	C	595	
34	8	20	1	5	3	,	,	C	480	
34	8	21	1	3	4	C	C	C	531	
34	8	22	1	3	4	C	C	C	467	
34	8	23	1	5	3	,	,	C	563	
34	8	24	1	3	4	C	C	C	979	
34	8	25	1	5	3	,	,	C	563	
34	8	26	1	1	1	Z	Z	C	515	
34	8	27	1	4	5	M	M	C	691	
34	8	28	1	6	6	.	.	C	544	
34	8	29	1	1	1	Z	Z	C	531	
34	8	30	1	2	2	X	X	C	595	
34	8	31	1	1	1	Z	Z	C	554	
34	8	32	1	6	6	.	.	C	515	
34	8	33	1	3	4	C	C	C	562	
34	8	34	1	1	1	Z	Z	C	544	
34	8	35	1	6	6	.	.	C	527	
34	8	36	1	6	6	.	.	C	531	
34	8	37	1	4	5	M	M	C	643	
34	8	38	1	6	6	.	.	C	515	
34	8	39	1	6	6	.	.	C	482	
34	8	40	1	2	2	X	X	C	626	
34	8	41	1	5	3	,	,	C	563	
34	8	42	1	1	1	Z	Z	C	515	
34	8	43	1	6	6	.	.	C	498	
34	8	44	1	1	1	Z	Z	C	482	
34	8	45	1	6	6	.	.	C	457	
34	8	46	1	5	3	,	,	C	611	
34	8	47	1	1	1	Z	Z	C	531	
34	8	48	1	2	2	X	X	C	531	
34	8	49	1	2	2	X	X	C	531	
34	8	50	1	4	5	M	M	C	547	
34	9	1	1	6	6	.	.	C	636	
34	9	2	1	2	2	X	X	C	533	
34	9	3	1	1	1	Z	Z	C	499	
34	9	4	1	2	2	X	X	C	502	
34	9	5	1	4	5	M	M	C	627	
34	9	6	1	5	3	,	,	C	450	
34	9	7	1	3	4	C	C	C	498	
34	9	8	1	2	2	X	X	C	445	
34	9	9	1	4	5	M	M	C	639	
34	9	10	1	2	2	X	X	C	499	
34	9	11	1	5	3	,	,	C	611	
34	9	12	1	3	4	C	C	C	434	
34	9	13	1	6	6	.	.	C	530	
34	9	14	1	6	6	.	.	C	482	
34	9	15	1	6	6	.	.	C	543	
34	9	16	1	6	6	.	.	C	511	
34	9	17	1	2	2	X	X	C	578	
34	9	18	1	5	3	,	,	C	498	
34	9	19	1	1	1	Z	Z	C	543	
34	9	20	1	5	3	,	,	C	450	
34	9	21	1	2	2	X	X	C	451	
34	9	22	1	5	3	,	,	C	578	
34	9	23	1	4	5	M	M	C	511	
34	9	24	1	2	2	X	X	C	691	
34	9	25	1	1	1	Z	Z	C	451	
34	9	26	1	1	1	Z	Z	C	451	
34	9	27	1	5	3	,	,	C	531	
34	9	28	1	1	1	Z	Z	C	515	
34	9	29	1	1	1	Z	Z	C	467	
34	9	30	1	3	4	C	C	C	723	
34	9	31	1	1	1	Z	Z	C	595	
34	9	32	1	6	6	.	.	C	595	
34	9	33	1	3	4	C	C	C	563	
34	9	34	1	3	4	C	C	C	547	
34	9	35	1	6	6	.	.	C	547	
34	9	36	1	6	6	.	.	C	515	
34	9	37	1	3	4	C	C	C	579	
34	9	38	1	1	1	Z	Z	C	467	
34	9	39	1	4	5	M	M	C	643	
34	9	40	1	6	6	.	.	C	515	
34	9	41	1	2	2	X	X	C	694	
34	9	42	1	1	1	Z	Z	C	579	
34	9	43	1	4	5	M	M	C	611	
34	9	44	1	6	6	.	.	C	483	
34	9	45	1	4	5	M	M	C	675	
34	9	46	1	1	1	Z	Z	C	467	
34	9	47	1	1	1	Z	Z	C	627	
34	9	48	1	1	1	Z	Z	C	451	
34	9	49	1	3	4	C	C	C	546	
34	9	50	1	5	3	,	,	C	627	
34	10	1	1	4	5	M	M	C	584	
34	10	2	1	2	2	X	X	C	514	
34	10	3	1	6	6	.	.	C	547	
34	10	4	1	6	6	.	.	C	387	
34	10	5	1	3	4	C	C	C	483	
34	10	6	1	1	1	Z	Z	C	419	
34	10	7	1	6	6	.	.	C	451	
34	10	8	1	3	4	C	C	C	403	
34	10	9	1	1	1	Z	Z	C	403	
34	10	10	1	6	6	.	.	C	531	
34	10	11	1	3	4	C	C	C	467	
34	10	12	1	1	1	Z	Z	C	397	
34	10	13	1	3	4	X	C	I	519	
34	10	14	1	1	1	Z	Z	C	496	
34	10	15	1	2	2	X	X	C	723	
34	10	16	1	4	5	M	M	C	515	
34	10	17	1	1	1	Z	Z	C	435	
34	10	18	1	5	3	,	,	C	538	
34	10	19	1	2	2	X	X	C	736	
34	10	20	1	6	6	.	.	C	467	
34	10	21	1	6	6	.	.	C	402	
34	10	22	1	1	1	Z	Z	C	454	
34	10	23	1	3	4	C	C	C	515	
34	10	24	1	4	5	M	M	C	579	
34	10	25	1	4	5	M	M	C	451	
34	10	26	1	5	3	,	,	C	515	
34	10	27	1	5	3	,	,	C	403	
34	10	28	1	3	4	C	C	C	496	
34	10	29	1	4	5	M	M	C	515	
34	10	30	1	5	3	,	,	C	563	
34	10	31	1	3	4	C	C	C	498	
34	10	32	1	4	5	M	M	C	495	
34	10	33	1	4	5	M	M	C	451	
34	10	34	1	5	3	,	,	C	483	
34	10	35	1	4	5	M	M	C	546	
34	10	36	1	5	3	,	,	C	530	
34	10	37	1	6	6	.	.	C	546	
34	10	38	1	3	4	C	C	C	534	
34	10	39	1	2	2	X	X	C	527	
34	10	40	1	5	3	,	,	C	611	
34	10	41	1	2	2	X	X	C	675	
34	10	42	1	3	4	C	C	C	466	
34	10	43	1	2	2	X	X	C	515	
34	10	44	1	2	2	X	X	C	467	
34	10	45	1	5	3	,	,	C	451	
34	10	46	1	2	2	X	X	C	515	
34	10	47	1	4	5	M	M	C	675	
34	10	48	1	6	6	.	.	C	547	
34	10	49	1	5	3	,	,	C	499	
34	10	50	1	5	3	,	,	C	467	
34	11	1	1	5	3	,	,	C	744	
34	11	2	1	3	4	C	C	C	770	
34	11	3	1	2	2	X	X	C	674	
34	11	4	1	5	3	,	,	C	690	
34	11	5	1	6	6	.	.	C	607	
34	11	6	1	6	6	.	.	C	575	
34	11	7	1	6	6	.	.	C	402	
34	11	8	1	6	6	.	.	C	357	
34	11	9	1	5	3	,	,	C	465	
34	11	10	1	2	2	X	X	C	734	
34	11	11	1	6	6	.	.	C	690	
34	11	12	1	6	6	.	.	C	527	
34	11	13	1	2	2	X	X	C	607	
34	11	14	1	2	2	X	X	C	546	
34	11	15	1	1	1	Z	Z	C	674	
34	11	16	1	1	1	Z	Z	C	434	
34	11	17	1	4	5	M	M	C	623	
34	11	18	1	6	6	.	.	C	562	
34	11	19	1	3	4	C	C	C	898	
34	11	20	1	3	4	C	C	C	418	
34	11	21	1	5	3	,	,	C	578	
34	11	22	1	1	1	Z	Z	C	594	
34	11	23	1	3	4	C	C	C	608	
34	11	24	1	4	5	M	M	C	562	
34	11	25	1	2	2	X	X	C	623	
34	11	26	1	3	4	C	C	C	530	
34	11	27	1	5	3	,	,	C	546	
34	11	28	1	3	4	C	C	C	850	
34	11	29	1	6	6	.	.	C	626	
34	11	30	1	6	6	.	.	C	399	
34	11	31	1	6	6	.	.	C	402	
34	11	32	1	6	6	.	.	C	626	
34	11	33	1	2	2	X	X	C	597	
34	11	34	1	6	6	.	.	C	786	
34	11	35	1	1	1	Z	Z	C	581	
34	11	36	1	2	2	X	X	C	546	
34	11	37	1	6	6	.	.	C	559	
34	11	38	1	4	5	M	M	C	546	
34	11	39	1	5	3	,	,	C	559	
34	11	40	1	5	3	,	,	C	559	
34	11	41	1	6	6	.	.	C	562	
34	11	42	1	5	3	,	,	C	546	
34	11	43	1	6	6	.	.	C	596	
34	11	44	1	4	5	M	M	C	559	
34	11	45	1	6	6	.	.	C	562	
34	11	46	1	6	6	.	.	C	402	
34	11	47	1	2	2	X	X	C	530	
34	11	48	1	3	4	C	C	C	578	
34	11	49	1	2	2	X	X	C	571	
34	11	50	1	2	2	X	X	C	610	
34	12	1	1	6	6	.	.	C	619	
34	12	2	1	6	6	.	.	C	530	
34	12	3	1	5	3	,	,	C	543	
34	12	4	1	6	6	.	.	C	468	
34	12	5	1	4	5	M	M	C	530	
34	12	6	1	3	4	C	C	C	527	
34	12	7	1	4	5	M	M	C	527	
34	12	8	1	5	3	,	,	C	610	
34	12	9	1	2	2	X	X	C	610	
34	12	10	1	4	5	M	M	C	610	
34	12	11	1	4	5	M	M	C	546	
34	12	12	1	4	5	M	M	C	368	
34	12	13	1	6	6	.	.	C	642	
34	12	14	1	1	1	Z	Z	C	610	
34	12	15	1	1	1	Z	Z	C	466	
34	12	16	1	4	5	M	M	C	565	
34	12	17	1	1	1	Z	Z	C	818	
34	12	18	1	3	4	C	C	C	595	
34	12	19	1	1	1	Z	Z	C	655	
34	12	20	1	5	3	,	,	C	562	
34	12	21	1	3	4	C	C	C	530	
34	12	22	1	5	3	,	,	C	574	
34	12	23	1	6	6	.	.	C	514	
34	12	24	1	5	3	,	,	C	530	
34	12	25	1	1	1	Z	Z	C	543	
34	12	26	1	5	3	,	,	C	466	
34	12	27	1	6	6	.	.	C	514	
34	12	28	1	2	2	X	X	C	610	
34	12	29	1	3	4	C	C	C	626	
34	12	30	1	4	5	M	M	C	700	
34	12	31	1	6	6	.	.	C	530	
34	12	32	1	3	4	C	C	C	539	
34	12	33	1	6	6	.	.	C	607	
34	12	34	1	2	2	X	X	C	530	
34	12	35	1	6	6	.	.	C	530	
34	12	36	1	2	2	X	X	C	652	
34	12	37	1	1	1	Z	Z	C	594	
34	12	38	1	6	6	.	.	C	578	
34	12	39	1	5	3	,	,	C	530	
34	12	40	1	4	5	M	M	C	594	
34	12	41	1	5	3	,	,	C	607	
34	12	42	1	5	3	,	,	C	530	
34	12	43	1	2	2	X	X	C	504	
34	12	44	1	4	5	M	M	C	530	
34	12	45	1	5	3	,	,	C	482	
34	12	46	1	6	6	.	.	C	498	
34	12	47	1	6	6	.	.	C	638	
34	12	48	1	1	1	Z	Z	C	642	
34	12	49	1	6	6	.	.	C	898	
34	12	50	1	1	1	Z	Z	C	610	
34	13	1	1	3	4	C	C	C	891	
34	13	2	1	5	3	,	,	C	530	
34	13	3	1	5	3	,	,	C	498	
34	13	4	1	3	4	C	C	C	530	
34	13	5	1	5	3	,	,	C	511	
34	13	6	1	4	5	M	M	C	546	
34	13	7	1	1	1	Z	Z	C	606	
34	13	8	1	4	5	M	M	C	546	
34	13	9	1	4	5	M	M	C	498	
34	13	10	1	2	2	X	X	C	597	
34	13	11	1	3	4	C	C	C	527	
34	13	12	1	1	1	Z	Z	C	546	
34	13	13	1	2	2	X	X	C	546	
34	13	14	1	2	2	C	X	I	498	
34	13	15	1	1	1	Z	Z	C	481	
34	13	16	1	3	4	C	C	C	498	
34	13	17	1	1	1	Z	Z	C	610	
34	13	18	1	4	5	M	M	C	642	
34	13	19	1	6	6	.	.	C	578	
34	13	20	1	2	2	X	X	C	658	
34	13	21	1	2	2	X	X	C	514	
34	13	22	1	1	1	Z	Z	C	578	
34	13	23	1	1	1	Z	Z	C	546	
34	13	24	1	1	1	Z	Z	C	434	
34	13	25	1	5	3	,	,	C	514	
34	13	26	1	5	3	,	,	C	465	
34	13	27	1	5	3	,	,	C	498	
34	13	28	1	4	5	M	M	C	626	
34	13	29	1	5	3	,	,	C	578	
34	13	30	1	1	1	Z	Z	C	578	
34	13	31	1	3	4	C	C	C	574	
34	13	32	1	5	3	,	,	C	566	
34	13	33	1	5	3	,	,	C	466	
34	13	34	1	5	3	,	,	C	415	
34	13	35	1	1	1	Z	Z	C	559	
34	13	36	1	3	4	C	C	C	581	
34	13	37	1	1	1	Z	Z	C	866	
34	13	38	1	4	5	M	M	C	614	
34	13	39	1	5	3	,	,	C	530	
34	13	40	1	6	6	.	.	C	561	
34	13	41	1	4	5	M	M	C	610	
34	13	42	1	3	4	C	C	C	610	
34	13	43	1	4	5	M	M	C	530	
34	13	44	1	1	1	Z	Z	C	578	
34	13	45	1	3	4	C	C	C	591	
34	13	46	1	4	5	M	M	C	578	
34	13	47	1	1	1	Z	Z	C	594	
34	13	48	1	1	1	Z	Z	C	526	
34	13	49	1	2	2	X	X	C	642	
34	13	50	1	2	2	X	X	C	594	
34	14	1	1	3	4	C	C	C	603	
34	14	2	1	2	2	X	X	C	578	
34	14	3	1	2	2	X	X	C	494	
34	14	4	1	6	6	.	.	C	578	
34	14	5	1	4	5	M	M	C	578	
34	14	6	1	4	5	M	M	C	434	
34	14	7	1	2	2	X	X	C	495	
34	14	8	1	5	3	,	,	C	578	
34	14	9	1	6	6	.	.	C	530	
34	14	10	1	5	3	,	,	C	498	
34	14	11	1	3	4	C	C	C	610	
34	14	12	1	3	4	C	C	C	642	
34	14	13	1	6	6	.	.	C	642	
34	14	14	1	6	6	.	.	C	514	
34	14	15	1	1	1	Z	Z	C	607	
34	14	16	1	2	2	X	X	C	546	
34	14	17	1	5	3	,	,	C	498	
34	14	18	1	2	2	X	X	C	466	
34	14	19	1	2	2	X	X	C	578	
34	14	20	1	1	1	Z	Z	C	514	
34	14	21	1	4	5	M	M	C	578	
34	14	22	1	6	6	.	.	C	591	
34	14	23	1	1	1	Z	Z	C	498	
34	14	24	1	5	3	,	,	C	526	
34	14	25	1	1	1	Z	Z	C	530	
34	14	26	1	4	5	M	M	C	559	
34	14	27	1	1	1	Z	Z	C	578	
34	14	28	1	2	2	X	X	C	482	
34	14	29	1	4	5	M	M	C	562	
34	14	30	1	5	3	,	,	C	591	
34	14	31	1	3	4	C	C	C	562	
34	14	32	1	3	4	C	C	C	994	
34	14	33	1	4	5	M	M	C	559	
34	14	34	1	2	2	X	X	C	546	
34	14	35	1	3	4	C	C	C	578	
34	14	36	1	4	5	M	M	C	641	
34	14	37	1	2	2	X	X	C	546	
34	14	38	1	2	2	X	X	C	517	
34	14	39	1	4	5	M	M	C	498	
34	14	40	1	4	5	M	M	C	530	
34	14	41	1	4	5	M	M	C	386	
34	14	42	1	1	1	Z	Z	C	578	
34	14	43	1	1	1	Z	Z	C	1295	
34	14	44	1	6	6	.	.	C	610	
34	14	45	1	2	2	X	X	C	527	
34	14	46	1	1	1	Z	Z	C	578	
34	14	47	1	2	2	X	X	C	530	
34	14	48	1	2	2	X	X	C	1224	
34	14	49	1	4	5	M	M	C	578	
34	14	50	1	3	4	C	C	C	530	
34	15	1	1	5	3	,	,	C	583	
34	15	2	1	1	1	Z	Z	C	562	
34	15	3	1	2	2	X	X	C	530	
34	15	4	1	5	3	,	,	C	594	
34	15	5	1	4	5	M	M	C	562	
34	15	6	1	5	3	,	,	C	770	
34	15	7	1	1	1	Z	Z	C	558	
34	15	8	1	6	6	.	.	C	466	
34	15	9	1	2	2	X	X	C	485	
34	15	10	1	6	6	.	.	C	578	
34	15	11	1	2	2	X	X	C	543	
34	15	12	1	1	1	Z	Z	C	558	
34	15	13	1	3	4	C	C	C	562	
34	15	14	1	2	2	X	X	C	562	
34	15	15	1	4	5	M	M	C	562	
34	15	16	1	6	6	.	.	C	578	
34	15	17	1	1	1	Z	Z	C	562	
34	15	18	1	3	4	C	C	C	546	
34	15	19	1	5	3	,	,	C	546	
34	15	20	1	1	1	Z	Z	C	522	
34	15	21	1	3	4	C	C	C	514	
34	15	22	1	5	3	,	,	C	466	
34	15	23	1	5	3	,	,	C	542	
34	15	24	1	1	1	Z	Z	C	530	
34	15	25	1	1	1	Z	Z	C	537	
34	15	26	1	3	4	C	C	C	543	
34	15	27	1	1	1	Z	Z	C	530	
34	15	28	1	6	6	.	.	C	783	
34	15	29	1	1	1	Z	Z	C	447	
34	15	30	1	2	2	X	X	C	498	
34	15	31	1	6	6	.	.	C	466	
34	15	32	1	3	4	C	C	C	562	
34	15	33	1	6	6	.	.	C	482	
34	15	34	1	3	4	C	C	C	514	
34	15	35	1	3	4	C	C	C	434	
34	15	36	1	1	1	Z	Z	C	418	
34	15	37	1	2	2	X	X	C	526	
34	15	38	1	4	5	M	M	C	590	
34	15	39	1	5	3	,	,	C	530	
34	15	40	1	4	5	M	M	C	546	
34	15	41	1	5	3	,	,	C	482	
34	15	42	1	2	2	X	X	C	418	
34	15	43	1	5	3	,	,	C	466	
34	15	44	1	2	2	X	X	C	642	
34	15	45	1	1	1	Z	Z	C	527	
34	15	46	1	2	2	X	X	C	498	
34	15	47	1	5	3	,	,	C	562	
34	15	48	1	5	3	,	,	C	418	
34	15	49	1	4	5	M	M	C	578	
34	15	50	1	4	5	M	M	C	498	
