#TrainType3  -  Started: 5/30/2007 1:26:41 PM	
#SubID	Block	Trial	Condition	Digit	Picture	Response	Correct_Response	Accuracy	RT	
38	1	1	2	4	5	M	M	C	1162	
38	1	2	2	4	5	M	M	C	658	
38	1	3	2	6	4	.	.	C	1186	
38	1	4	2	2	3	X	X	C	642	
38	1	5	2	4	5	Z	M	I	8834	
38	1	6	2	3	2	X	C	I	692	
38	1	7	2	2	3	Z	X	I	626	
38	1	8	2	6	4	.	.	C	882	
38	1	9	2	5	6	,	,	C	802	
38	1	10	2	2	3	X	X	C	658	
38	1	11	2	1	1	Z	Z	C	547	
38	1	12	2	1	1	Z	Z	C	531	
38	1	13	2	3	2	C	C	C	770	
38	1	14	2	1	1	Z	Z	C	562	
38	1	15	2	4	5	M	M	C	707	
38	1	16	2	6	4	.	.	C	514	
38	1	17	2	2	3	X	X	C	707	
38	1	18	2	4	5	C	M	I	435	
38	1	19	2	4	5	M	M	C	547	
38	1	20	2	2	3	X	X	C	643	
38	1	21	2	4	5	M	M	C	547	
38	1	22	2	4	5	M	M	C	531	
38	1	23	2	2	3	X	X	C	483	
38	1	24	2	4	5	M	M	C	371	
38	1	25	2	5	6	,	,	C	450	
38	1	26	2	1	1	Z	Z	C	419	
38	1	27	2	5	6	,	,	C	467	
38	1	28	2	5	6	,	,	C	371	
38	1	29	2	6	4	.	.	C	306	
38	1	30	2	6	4	.	.	C	386	
38	1	31	2	6	4	.	.	C	387	
38	1	32	2	4	5	M	M	C	531	
38	1	33	2	1	1	Z	Z	C	546	
38	1	34	2	6	4	.	.	C	514	
38	1	35	2	4	5	M	M	C	611	
38	1	36	2	3	2	X	C	I	771	
38	1	37	2	6	4	.	.	C	546	
38	1	38	2	6	4	.	.	C	418	
38	1	39	2	1	1	Z	Z	C	467	
38	1	40	2	2	3	X	X	C	531	
38	1	41	2	4	5	M	M	C	707	
38	1	42	2	3	2	X	C	I	547	
38	1	43	2	3	2	C	C	C	546	
38	1	44	2	2	3	X	X	C	515	
38	1	45	2	3	2	C	C	C	563	
38	1	46	2	2	3	X	X	C	515	
38	1	47	2	1	1	Z	Z	C	371	
38	1	48	2	2	3	X	X	C	435	
38	1	49	2	5	6	.	,	I	483	
38	1	50	2	4	5	M	M	C	594	
38	2	1	2	1	1	Z	Z	C	586	
38	2	2	2	6	4	.	.	C	562	
38	2	3	2	2	3	X	X	C	579	
38	2	4	2	1	1	Z	Z	C	483	
38	2	5	2	6	4	.	.	C	562	
38	2	6	2	6	4	.	.	C	466	
38	2	7	2	6	4	.	.	C	434	
38	2	8	2	2	3	X	X	C	611	
38	2	9	2	3	2	C	C	C	562	
38	2	10	2	3	2	X	C	I	467	
38	2	11	2	4	5	M	M	C	706	
38	2	12	2	3	2	X	C	I	547	
38	2	13	2	2	3	X	X	C	722	
38	2	14	2	3	2	C	C	C	579	
38	2	15	2	2	3	X	X	C	547	
38	2	16	2	6	4	.	.	C	498	
38	2	17	2	2	3	X	X	C	643	
38	2	18	2	4	5	M	M	C	547	
38	2	19	2	3	2	C	C	C	643	
38	2	20	2	3	2	C	C	C	530	
38	2	21	2	5	6	M	,	I	883	
38	2	22	2	4	5	M	M	C	563	
38	2	23	2	5	6	,	,	C	371	
38	2	24	2	3	2	C	C	C	659	
38	2	25	2	1	1	Z	Z	C	499	
38	2	26	2	6	4	.	.	C	498	
38	2	27	2	4	5	M	M	C	498	
38	2	28	2	3	2	C	C	C	611	
38	2	29	2	6	4	.	.	C	691	
38	2	30	2	5	6	M	,	I	818	
38	2	31	2	4	5	M	M	C	594	
38	2	32	2	5	6	,	,	C	306	
38	2	33	2	5	6	,	,	C	515	
38	2	34	2	2	3	X	X	C	674	
38	2	35	2	6	4	.	.	C	675	
38	2	36	2	4	5	M	M	C	467	
38	2	37	2	4	5	M	M	C	515	
38	2	38	2	3	2	C	C	C	627	
38	2	39	2	3	2	C	C	C	754	
38	2	40	2	3	2	C	C	C	531	
38	2	41	2	2	3	X	X	C	451	
38	2	42	2	2	3	X	X	C	434	
38	2	43	2	4	5	C	M	I	419	
38	2	44	2	2	3	X	X	C	658	
38	2	45	2	5	6	,	,	C	722	
38	2	46	2	1	1	Z	Z	C	531	
38	2	47	2	2	3	X	X	C	499	
38	2	48	2	1	1	Z	Z	C	707	
38	2	49	2	1	1	Z	Z	C	451	
38	2	50	2	2	3	X	X	C	530	
38	3	1	2	6	4	.	.	C	507	
38	3	2	2	1	1	Z	Z	C	450	
38	3	3	2	6	4	.	.	C	562	
38	3	4	2	5	6	,	,	C	482	
38	3	5	2	3	2	X	C	I	451	
38	3	6	2	4	5	C	M	I	483	
38	3	7	2	3	2	C	C	C	674	
38	3	8	2	1	1	Z	Z	C	515	
38	3	9	2	2	3	X	X	C	467	
38	3	10	2	3	2	C	C	C	562	
38	3	11	2	4	5	M	M	C	402	
38	3	12	2	4	5	M	M	C	419	
38	3	13	2	4	5	M	M	C	418	
38	3	14	2	5	6	,	,	C	339	
38	3	15	2	5	6	,	,	C	338	
38	3	16	2	6	4	.	.	C	306	
38	3	17	2	1	1	Z	Z	C	466	
38	3	18	2	6	4	.	.	C	402	
38	3	19	2	6	4	.	.	C	434	
38	3	20	2	5	6	M	,	I	659	
38	3	21	2	2	3	X	X	C	530	
38	3	22	2	6	4	.	.	C	578	
38	3	23	2	2	3	X	X	C	466	
38	3	24	2	3	2	C	C	C	595	
38	3	25	2	2	3	X	X	C	467	
38	3	26	2	2	3	X	X	C	467	
38	3	27	2	6	4	.	.	C	466	
38	3	28	2	4	5	M	M	C	563	
38	3	29	2	5	6	,	,	C	354	
38	3	30	2	3	2	C	C	C	626	
38	3	31	2	4	5	M	M	C	451	
38	3	32	2	6	4	.	.	C	418	
38	3	33	2	3	2	X	C	I	451	
38	3	34	2	3	2	C	C	C	738	
38	3	35	2	1	1	Z	Z	C	515	
38	3	36	2	1	1	Z	Z	C	419	
38	3	37	2	2	3	X	X	C	499	
38	3	38	2	2	3	X	X	C	402	
38	3	39	2	4	5	M	M	C	435	
38	3	40	2	5	6	,	,	C	355	
38	3	41	2	5	6	M	,	I	402	
38	3	42	2	6	4	.	.	C	466	
38	3	43	2	1	1	Z	Z	C	403	
38	3	44	2	5	6	.	,	I	451	
38	3	45	2	5	6	,	,	C	594	
38	3	46	2	4	5	M	M	C	435	
38	3	47	2	2	3	X	X	C	547	
38	3	48	2	3	2	C	C	C	530	
38	3	49	2	1	1	Z	Z	C	611	
38	3	50	2	6	4	.	.	C	658	
38	4	1	2	5	6	,	,	C	539	
38	4	2	2	1	1	Z	Z	C	482	
38	4	3	2	3	2	C	C	C	563	
38	4	4	2	1	1	Z	Z	C	482	
38	4	5	2	4	5	M	M	C	467	
38	4	6	2	5	6	,	,	C	483	
38	4	7	2	6	4	.	.	C	418	
38	4	8	2	2	3	X	X	C	418	
38	4	9	2	4	5	C	M	I	339	
38	4	10	2	1	1	Z	Z	C	466	
38	4	11	2	6	4	.	.	C	466	
38	4	12	2	2	3	X	X	C	451	
38	4	13	2	3	2	X	C	I	451	
38	4	14	2	2	3	X	X	C	658	
38	4	15	2	4	5	M	M	C	451	
38	4	16	2	1	1	Z	Z	C	467	
38	4	17	2	1	1	Z	Z	C	467	
38	4	18	2	2	3	X	X	C	659	
38	4	19	2	2	3	X	X	C	419	
38	4	20	2	5	6	,	,	C	658	
38	4	21	2	5	6	,	,	C	451	
38	4	22	2	6	4	.	.	C	354	
38	4	23	2	4	5	M	M	C	483	
38	4	24	2	5	6	,	,	C	643	
38	4	25	2	4	5	M	M	C	483	
38	4	26	2	3	2	C	C	C	674	
38	4	27	2	6	4	.	.	C	514	
38	4	28	2	4	5	M	M	C	675	
38	4	29	2	3	2	C	C	C	707	
38	4	30	2	1	1	Z	Z	C	579	
38	4	31	2	3	2	C	C	C	595	
38	4	32	2	2	3	X	X	C	466	
38	4	33	2	5	6	,	,	C	674	
38	4	34	2	4	5	M	M	C	962	
38	4	35	2	4	5	M	M	C	451	
38	4	36	2	1	1	Z	Z	C	547	
38	4	37	2	4	5	M	M	C	547	
38	4	38	2	4	5	M	M	C	435	
38	4	39	2	2	3	X	X	C	834	
38	4	40	2	6	4	.	.	C	514	
38	4	41	2	3	2	C	C	C	611	
38	4	42	2	3	2	C	C	C	483	
38	4	43	2	4	5	M	M	C	403	
38	4	44	2	1	1	Z	Z	C	499	
38	4	45	2	1	1	Z	Z	C	483	
38	4	46	2	4	5	M	M	C	675	
38	4	47	2	5	6	M	,	I	819	
38	4	48	2	2	3	X	X	C	610	
38	4	49	2	2	3	X	X	C	467	
38	4	50	2	4	5	M	M	C	659	
38	5	1	2	3	2	M	C	I	603	
38	5	2	2	2	3	X	X	C	466	
38	5	3	2	6	4	.	.	C	450	
38	5	4	2	6	4	.	.	C	482	
38	5	5	2	1	1	Z	Z	C	467	
38	5	6	2	4	5	M	M	C	483	
38	5	7	2	2	3	X	X	C	514	
38	5	8	2	4	5	M	M	C	467	
38	5	9	2	1	1	Z	Z	C	451	
38	5	10	2	1	1	Z	Z	C	435	
38	5	11	2	3	2	M	C	I	642	
38	5	12	2	5	6	M	,	I	642	
38	5	13	2	4	5	M	M	C	722	
38	5	14	2	5	6	M	,	I	370	
38	5	15	2	3	2	C	C	C	642	
38	5	16	2	1	1	Z	Z	C	675	
38	5	17	2	5	6	,	,	C	787	
38	5	18	2	3	2	C	C	C	723	
38	5	19	2	2	3	X	X	C	658	
38	5	20	2	4	5	M	M	C	738	
38	5	21	2	3	2	C	C	C	819	
38	5	22	2	1	1	Z	Z	C	547	
38	5	23	2	6	4	.	.	C	610	
38	5	24	2	5	6	,	,	C	1170	
38	5	25	2	4	5	M	M	C	643	
38	5	26	2	6	4	.	.	C	483	
38	5	27	2	4	5	M	M	C	723	
38	5	28	2	4	5	M	M	C	483	
38	5	29	2	2	3	X	X	C	579	
38	5	30	2	3	2	C	C	C	530	
38	5	31	2	5	6	,	,	C	979	
38	5	32	2	1	1	Z	Z	C	531	
38	5	33	2	3	2	X	C	I	579	
38	5	34	2	1	1	Z	Z	C	530	
38	5	35	2	4	5	M	M	C	515	
38	5	36	2	2	3	X	X	C	547	
38	5	37	2	5	6	,	,	C	994	
38	5	38	2	3	2	C	C	C	707	
38	5	39	2	3	2	C	C	C	547	
38	5	40	2	1	1	Z	Z	C	595	
38	5	41	2	6	4	.	.	C	531	
38	5	42	2	3	2	C	C	C	803	
38	5	43	2	2	3	X	X	C	563	
38	5	44	2	4	5	M	M	C	643	
38	5	45	2	4	5	M	M	C	403	
38	5	46	2	2	3	X	X	C	482	
38	5	47	2	3	2	C	C	C	531	
38	5	48	2	4	5	M	M	C	387	
38	5	49	2	6	4	.	.	C	482	
38	5	50	2	1	1	Z	Z	C	403	
38	6	1	2	5	6	,	,	C	475	
38	6	2	2	2	3	X	X	C	418	
38	6	3	2	6	4	.	.	C	418	
38	6	4	2	3	2	C	C	C	563	
38	6	5	2	6	4	.	.	C	419	
38	6	6	2	1	1	Z	Z	C	403	
38	6	7	2	6	4	.	.	C	418	
38	6	8	2	2	3	X	X	C	467	
38	6	9	2	1	1	Z	Z	C	418	
38	6	10	2	5	6	,	,	C	626	
38	6	11	2	4	5	M	M	C	371	
38	6	12	2	3	2	C	C	C	451	
38	6	13	2	5	6	,	,	C	435	
38	6	14	2	4	5	M	M	C	659	
38	6	15	2	3	2	C	C	C	498	
38	6	16	2	3	2	C	C	C	451	
38	6	17	2	4	5	,	M	I	435	
38	6	18	2	4	5	M	M	C	530	
38	6	19	2	6	4	.	.	C	450	
38	6	20	2	6	4	.	.	C	451	
38	6	21	2	6	4	.	.	C	435	
38	6	22	2	2	3	X	X	C	435	
38	6	23	2	4	5	M	M	C	531	
38	6	24	2	5	6	,	,	C	370	
38	6	25	2	2	3	X	X	C	483	
38	6	26	2	4	5	M	M	C	611	
38	6	27	2	2	3	X	X	C	419	
38	6	28	2	3	2	C	C	C	627	
38	6	29	2	3	2	C	C	C	483	
38	6	30	2	3	2	C	C	C	467	
38	6	31	2	6	4	.	.	C	515	
38	6	32	2	3	2	C	C	C	563	
38	6	33	2	2	3	X	X	C	435	
38	6	34	2	6	4	.	.	C	386	
38	6	35	2	1	1	Z	Z	C	466	
38	6	36	2	6	4	.	.	C	419	
38	6	37	2	6	4	.	.	C	386	
38	6	38	2	3	2	X	C	I	402	
38	6	39	2	3	2	C	C	C	483	
38	6	40	2	1	1	Z	Z	C	466	
38	6	41	2	6	4	.	.	C	467	
38	6	42	2	3	2	C	C	C	499	
38	6	43	2	1	1	Z	Z	C	419	
38	6	44	2	6	4	.	.	C	403	
38	6	45	2	2	3	X	X	C	419	
38	6	46	2	2	3	X	X	C	419	
38	6	47	2	1	1	Z	Z	C	674	
38	6	48	2	5	6	,	,	C	722	
38	6	49	2	2	3	X	X	C	467	
38	6	50	2	2	3	X	X	C	419	
38	7	1	2	1	1	Z	Z	C	411	
38	7	2	2	6	4	.	.	C	370	
38	7	3	2	2	3	Z	X	I	387	
38	7	4	2	6	4	.	.	C	386	
38	7	5	2	6	4	.	.	C	483	
38	7	6	2	3	2	X	C	I	467	
38	7	7	2	4	5	M	M	C	466	
38	7	8	2	6	4	.	.	C	403	
38	7	9	2	5	6	,	,	C	755	
38	7	10	2	1	1	Z	Z	C	466	
38	7	11	2	2	3	X	X	C	531	
38	7	12	2	2	3	X	X	C	403	
38	7	13	2	4	5	M	M	C	499	
38	7	14	2	6	4	.	.	C	450	
38	7	15	2	1	1	Z	Z	C	451	
38	7	16	2	3	2	C	C	C	563	
38	7	17	2	3	2	C	C	C	467	
38	7	18	2	2	3	X	X	C	402	
38	7	19	2	5	6	,	,	C	499	
38	7	20	2	5	6	,	,	C	370	
38	7	21	2	1	1	Z	Z	C	403	
38	7	22	2	1	1	Z	Z	C	419	
38	7	23	2	6	4	.	.	C	419	
38	7	24	2	3	2	X	C	I	387	
38	7	25	2	2	3	X	X	C	498	
38	7	26	2	1	1	Z	Z	C	499	
38	7	27	2	5	6	,	,	C	659	
38	7	28	2	2	3	X	X	C	483	
38	7	29	2	4	5	M	M	C	771	
38	7	30	2	1	1	Z	Z	C	467	
38	7	31	2	4	5	,	M	I	499	
38	7	32	2	6	4	.	.	C	1234	
38	7	33	2	3	2	C	C	C	611	
38	7	34	2	1	1	Z	Z	C	435	
38	7	35	2	1	1	Z	Z	C	355	
38	7	36	2	1	1	Z	Z	C	418	
38	7	37	2	5	6	.	,	I	403	
38	7	38	2	5	6	,	,	C	434	
38	7	39	2	2	3	X	X	C	483	
38	7	40	2	2	3	X	X	C	434	
38	7	41	2	4	5	C	M	I	418	
38	7	42	2	1	1	Z	Z	C	450	
38	7	43	2	2	3	X	X	C	499	
38	7	44	2	3	2	X	C	I	419	
38	7	45	2	1	1	Z	Z	C	515	
38	7	46	2	5	6	,	,	C	467	
38	7	47	2	1	1	Z	Z	C	547	
38	7	48	2	2	3	X	X	C	419	
38	7	49	2	3	2	C	C	C	643	
38	7	50	2	2	3	X	X	C	483	
38	8	1	2	6	4	.	.	C	475	
38	8	2	2	2	3	X	X	C	434	
38	8	3	2	4	5	M	M	C	450	
38	8	4	2	2	3	X	X	C	355	
38	8	5	2	4	5	M	M	C	403	
38	8	6	2	2	3	X	X	C	371	
38	8	7	2	3	2	C	C	C	451	
38	8	8	2	2	3	X	X	C	355	
38	8	9	2	6	4	M	.	I	371	
38	8	10	2	2	3	X	X	C	450	
38	8	11	2	4	5	M	M	C	467	
38	8	12	2	1	1	Z	Z	C	419	
38	8	13	2	6	4	.	.	C	387	
38	8	14	2	1	1	Z	Z	C	435	
38	8	15	2	5	6	,	,	C	323	
38	8	16	2	2	3	X	X	C	515	
38	8	17	2	2	3	X	X	C	387	
38	8	18	2	5	6	,	,	C	435	
38	8	19	2	1	1	Z	Z	C	419	
38	8	20	2	6	4	.	.	C	419	
38	8	21	2	4	5	C	M	I	451	
38	8	22	2	1	1	Z	Z	C	419	
38	8	23	2	2	3	X	X	C	386	
38	8	24	2	2	3	X	X	C	483	
38	8	25	2	3	2	X	C	I	339	
38	8	26	2	5	6	,	,	C	658	
38	8	27	2	6	4	.	.	C	387	
38	8	28	2	1	1	Z	Z	C	451	
38	8	29	2	4	5	M	M	C	627	
38	8	30	2	5	6	,	,	C	403	
38	8	31	2	2	3	X	X	C	451	
38	8	32	2	4	5	M	M	C	595	
38	8	33	2	1	1	Z	Z	C	451	
38	8	34	2	6	4	.	.	C	387	
38	8	35	2	1	1	Z	Z	C	403	
38	8	36	2	1	1	Z	Z	C	403	
38	8	37	2	5	6	M	,	I	851	
38	8	38	2	2	3	X	X	C	450	
38	8	39	2	1	1	Z	Z	C	387	
38	8	40	2	3	2	C	C	C	979	
38	8	41	2	3	2	C	C	C	611	
38	8	42	2	4	5	M	M	C	659	
38	8	43	2	1	1	Z	Z	C	451	
38	8	44	2	4	5	C	M	I	419	
38	8	45	2	2	3	X	X	C	483	
38	8	46	2	3	2	C	C	C	579	
38	8	47	2	1	1	Z	Z	C	514	
38	8	48	2	2	3	X	X	C	435	
38	8	49	2	2	3	X	X	C	403	
38	8	50	2	2	3	X	X	C	387	
38	9	1	2	5	6	,	,	C	507	
38	9	2	2	2	3	X	X	C	418	
38	9	3	2	4	5	M	M	C	483	
38	9	4	2	6	4	.	.	C	371	
38	9	5	2	6	4	.	.	C	403	
38	9	6	2	2	3	X	X	C	402	
38	9	7	2	2	3	X	X	C	387	
38	9	8	2	2	3	X	X	C	355	
38	9	9	2	3	2	C	C	C	483	
38	9	10	2	2	3	X	X	C	435	
38	9	11	2	6	4	.	.	C	467	
38	9	12	2	4	5	M	M	C	451	
38	9	13	2	3	2	X	C	I	418	
38	9	14	2	1	1	Z	Z	C	419	
38	9	15	2	1	1	Z	Z	C	483	
38	9	16	2	4	5	C	M	I	419	
38	9	17	2	3	2	C	C	C	723	
38	9	18	2	4	5	M	M	C	451	
38	9	19	2	6	4	.	.	C	499	
38	9	20	2	1	1	Z	Z	C	451	
38	9	21	2	3	2	X	C	I	403	
38	9	22	2	3	2	C	C	C	434	
38	9	23	2	6	4	.	.	C	451	
38	9	24	2	2	3	X	X	C	451	
38	9	25	2	1	1	Z	Z	C	531	
38	9	26	2	2	3	X	X	C	451	
38	9	27	2	6	4	.	.	C	451	
38	9	28	2	1	1	Z	Z	C	419	
38	9	29	2	6	4	.	.	C	355	
38	9	30	2	5	6	,	,	C	403	
38	9	31	2	5	6	,	,	C	419	
38	9	32	2	2	3	X	X	C	483	
38	9	33	2	5	6	,	,	C	402	
38	9	34	2	1	1	Z	Z	C	499	
38	9	35	2	3	2	X	C	I	355	
38	9	36	2	2	3	X	X	C	482	
38	9	37	2	2	3	X	X	C	419	
38	9	38	2	5	6	,	,	C	595	
38	9	39	2	2	3	X	X	C	499	
38	9	40	2	2	3	X	X	C	435	
38	9	41	2	1	1	Z	Z	C	467	
38	9	42	2	4	5	,	M	I	483	
38	9	43	2	6	4	.	.	C	466	
38	9	44	2	1	1	Z	Z	C	466	
38	9	45	2	3	2	C	C	C	675	
38	9	46	2	4	5	M	M	C	467	
38	9	47	2	3	2	C	C	C	675	
38	9	48	2	4	5	M	M	C	435	
38	9	49	2	3	2	C	C	C	610	
38	9	50	2	2	3	X	X	C	403	
38	10	1	2	6	4	M	.	I	443	
38	10	2	2	2	3	X	X	C	450	
38	10	3	2	1	1	Z	Z	C	387	
38	10	4	2	6	4	.	.	C	435	
38	10	5	2	6	4	.	.	C	403	
38	10	6	2	2	3	X	X	C	450	
38	10	7	2	3	2	C	C	C	547	
38	10	8	2	2	3	X	X	C	467	
38	10	9	2	6	4	.	.	C	451	
38	10	10	2	6	4	.	.	C	499	
38	10	11	2	6	4	.	.	C	371	
38	10	12	2	4	5	M	M	C	563	
38	10	13	2	3	2	M	C	I	403	
38	10	14	2	1	1	Z	Z	C	563	
38	10	15	2	5	6	,	,	C	515	
38	10	16	2	4	5	M	M	C	611	
38	10	17	2	3	2	C	C	C	451	
38	10	18	2	6	4	.	.	C	467	
38	10	19	2	3	2	C	C	C	483	
38	10	20	2	6	4	.	.	C	338	
38	10	21	2	3	2	C	C	C	419	
38	10	22	2	3	2	C	C	C	483	
38	10	23	2	1	1	Z	Z	C	435	
38	10	24	2	3	2	C	C	C	499	
38	10	25	2	6	4	.	.	C	451	
38	10	26	2	1	1	Z	Z	C	435	
38	10	27	2	4	5	C	M	I	403	
38	10	28	2	6	4	.	.	C	530	
38	10	29	2	4	5	M	M	C	419	
38	10	30	2	4	5	M	M	C	355	
38	10	31	2	1	1	Z	Z	C	435	
38	10	32	2	2	3	X	X	C	451	
38	10	33	2	1	1	Z	Z	C	435	
38	10	34	2	2	3	X	X	C	451	
38	10	35	2	3	2	C	C	C	467	
38	10	36	2	4	5	M	M	C	403	
38	10	37	2	3	2	C	C	C	723	
38	10	38	2	3	2	X	C	I	419	
38	10	39	2	6	4	.	.	C	610	
38	10	40	2	4	5	M	M	C	675	
38	10	41	2	3	2	C	C	C	579	
38	10	42	2	3	2	C	C	C	531	
38	10	43	2	1	1	Z	Z	C	451	
38	10	44	2	4	5	C	M	I	467	
38	10	45	2	6	4	.	.	C	514	
38	10	46	2	4	5	M	M	C	643	
38	10	47	2	6	4	.	.	C	370	
38	10	48	2	1	1	Z	Z	C	419	
38	10	49	2	4	5	.	M	I	419	
38	10	50	2	1	1	Z	Z	C	435	
38	11	1	2	2	1	X	X	C	1451	
38	11	2	2	3	3	C	C	C	690	
38	11	3	2	1	2	Z	Z	C	946	
38	11	4	2	3	3	C	C	C	898	
38	11	5	2	5	5	,	,	C	898	
38	11	6	2	3	3	C	C	C	754	
38	11	7	2	1	2	Z	Z	C	930	
38	11	8	2	3	3	C	C	C	610	
38	11	9	2	6	4	.	.	C	850	
38	11	10	2	1	2	Z	Z	C	722	
38	11	11	2	2	1	X	X	C	562	
38	11	12	2	4	6	M	M	C	770	
38	11	13	2	1	2	Z	Z	C	626	
38	11	14	2	6	4	.	.	C	690	
38	11	15	2	1	2	Z	Z	C	593	
38	11	16	2	4	6	.	M	I	818	
38	11	17	2	6	4	.	.	C	689	
38	11	18	2	2	1	X	X	C	865	
38	11	19	2	6	4	.	.	C	722	
38	11	20	2	6	4	.	.	C	561	
38	11	21	2	2	1	X	X	C	1042	
38	11	22	2	5	5	,	,	C	978	
38	11	23	2	1	2	Z	Z	C	658	
38	11	24	2	4	6	M	M	C	1634	
38	11	25	2	6	4	.	.	C	561	
38	11	26	2	2	1	X	X	C	818	
38	11	27	2	5	5	,	,	C	897	
38	11	28	2	1	2	Z	Z	C	578	
38	11	29	2	1	2	Z	Z	C	818	
38	11	30	2	3	3	C	C	C	657	
38	11	31	2	2	1	X	X	C	897	
38	11	32	2	4	6	M	M	C	738	
38	11	33	2	1	2	Z	Z	C	578	
38	11	34	2	4	6	M	M	C	738	
38	11	35	2	5	5	,	,	C	354	
38	11	36	2	4	6	M	M	C	578	
38	11	37	2	5	5	,	,	C	498	
38	11	38	2	6	4	.	.	C	354	
38	11	39	2	4	6	M	M	C	578	
38	11	40	2	2	1	,	X	I	386	
38	11	41	2	1	2	Z	Z	C	674	
38	11	42	2	3	3	C	C	C	514	
38	11	43	2	4	6	M	M	C	850	
38	11	44	2	3	3	C	C	C	642	
38	11	45	2	6	4	.	.	C	673	
38	11	46	2	6	4	.	.	C	514	
38	11	47	2	1	2	Z	Z	C	562	
38	11	48	2	6	4	.	.	C	562	
38	11	49	2	1	2	Z	Z	C	434	
38	11	50	2	4	6	M	M	C	546	
38	12	1	2	1	2	Z	Z	C	378	
38	12	2	2	5	5	,	,	C	594	
38	12	3	2	2	1	M	X	I	546	
38	12	4	2	4	6	M	M	C	690	
38	12	5	2	2	1	X	X	C	433	
38	12	6	2	4	6	M	M	C	722	
38	12	7	2	2	1	X	X	C	610	
38	12	8	2	6	4	.	.	C	546	
38	12	9	2	1	2	Z	Z	C	514	
38	12	10	2	3	3	C	C	C	546	
38	12	11	2	6	4	.	.	C	514	
38	12	12	2	5	5	,	,	C	369	
38	12	13	2	5	5	,	,	C	545	
38	12	14	2	3	3	C	C	C	689	
38	12	15	2	4	6	M	M	C	754	
38	12	16	2	1	2	Z	Z	C	530	
38	12	17	2	3	3	C	C	C	610	
38	12	18	2	5	5	,	,	C	1393	
38	12	19	2	5	5	,	,	C	642	
38	12	20	2	5	5	,	,	C	482	
38	12	21	2	2	1	X	X	C	1474	
38	12	22	2	4	6	M	M	C	850	
38	12	23	2	1	2	Z	Z	C	514	
38	12	24	2	4	6	M	M	C	962	
38	12	25	2	5	5	,	,	C	578	
38	12	26	2	1	2	Z	Z	C	498	
38	12	27	2	1	2	Z	Z	C	546	
38	12	28	2	4	6	M	M	C	706	
38	12	29	2	2	1	X	X	C	738	
38	12	30	2	3	3	C	C	C	594	
38	12	31	2	3	3	C	C	C	609	
38	12	32	2	4	6	M	M	C	514	
38	12	33	2	2	1	X	X	C	1010	
38	12	34	2	1	2	Z	Z	C	386	
38	12	35	2	6	4	.	.	C	769	
38	12	36	2	5	5	,	,	C	657	
38	12	37	2	1	2	Z	Z	C	882	
38	12	38	2	1	2	Z	Z	C	386	
38	12	39	2	4	6	M	M	C	690	
38	12	40	2	3	3	C	C	C	562	
38	12	41	2	4	6	M	M	C	530	
38	12	42	2	6	4	.	.	C	482	
38	12	43	2	1	2	Z	Z	C	434	
38	12	44	2	2	1	X	X	C	577	
38	12	45	2	2	1	X	X	C	594	
38	12	46	2	6	4	.	.	C	418	
38	12	47	2	5	5	,	,	C	578	
38	12	48	2	6	4	.	.	C	754	
38	12	49	2	6	4	,	.	I	450	
38	12	50	2	6	4	.	.	C	433	
38	13	1	2	1	2	Z	Z	C	363	
38	13	2	2	5	5	,	,	C	561	
38	13	3	2	1	2	Z	Z	C	434	
38	13	4	2	3	3	C	C	C	610	
38	13	5	2	6	4	.	.	C	514	
38	13	6	2	5	5	,	,	C	514	
38	13	7	2	5	5	,	,	C	546	
38	13	8	2	3	3	C	C	C	546	
38	13	9	2	5	5	,	,	C	609	
38	13	10	2	5	5	,	,	C	386	
38	13	11	2	3	3	C	C	C	642	
38	13	12	2	4	6	M	M	C	562	
38	13	13	2	6	4	.	.	C	482	
38	13	14	2	5	5	,	,	C	450	
38	13	15	2	3	3	C	C	C	482	
38	13	16	2	4	6	M	M	C	594	
38	13	17	2	4	6	M	M	C	434	
38	13	18	2	5	5	,	,	C	434	
38	13	19	2	1	2	Z	Z	C	514	
38	13	20	2	1	2	Z	Z	C	498	
38	13	21	2	3	3	C	C	C	466	
38	13	22	2	2	1	X	X	C	385	
38	13	23	2	5	5	,	,	C	578	
38	13	24	2	3	3	C	C	C	626	
38	13	25	2	1	2	Z	Z	C	498	
38	13	26	2	3	3	X	C	I	594	
38	13	27	2	4	6	M	M	C	929	
38	13	28	2	3	3	C	C	C	690	
38	13	29	2	3	3	C	C	C	578	
38	13	30	2	3	3	C	C	C	722	
38	13	31	2	4	6	M	M	C	881	
38	13	32	2	1	2	Z	Z	C	466	
38	13	33	2	2	1	X	X	C	578	
38	13	34	2	5	5	,	,	C	514	
38	13	35	2	2	1	X	X	C	594	
38	13	36	2	5	5	,	,	C	546	
38	13	37	2	1	2	Z	Z	C	434	
38	13	38	2	3	3	X	C	I	578	
38	13	39	2	6	4	.	.	C	962	
38	13	40	2	5	5	,	,	C	594	
38	13	41	2	3	3	C	C	C	722	
38	13	42	2	1	2	Z	Z	C	481	
38	13	43	2	2	1	X	X	C	674	
38	13	44	2	6	4	.	.	C	466	
38	13	45	2	2	1	X	X	C	530	
38	13	46	2	2	1	X	X	C	402	
38	13	47	2	6	4	.	.	C	466	
38	13	48	2	4	6	M	M	C	514	
38	13	49	2	5	5	,	,	C	498	
38	13	50	2	5	5	,	,	C	545	
38	14	1	2	6	4	.	.	C	522	
38	14	2	2	4	6	M	M	C	386	
38	14	3	2	6	4	.	.	C	450	
38	14	4	2	4	6	M	M	C	290	
38	14	5	2	3	3	C	C	C	674	
38	14	6	2	1	2	Z	Z	C	530	
38	14	7	2	3	3	C	C	C	513	
38	14	8	2	2	1	X	X	C	481	
38	14	9	2	3	3	C	C	C	754	
38	14	10	2	6	4	.	.	C	450	
38	14	11	2	4	6	M	M	C	514	
38	14	12	2	6	4	.	.	C	818	
38	14	13	2	4	6	M	M	C	578	
38	14	14	2	4	6	M	M	C	434	
38	14	15	2	4	6	M	M	C	402	
38	14	16	2	2	1	X	X	C	530	
38	14	17	2	5	5	,	,	C	482	
38	14	18	2	5	5	,	,	C	322	
38	14	19	2	1	2	Z	Z	C	450	
38	14	20	2	6	4	.	.	C	482	
38	14	21	2	2	1	X	X	C	530	
38	14	22	2	5	5	,	,	C	626	
38	14	23	2	3	3	X	C	I	594	
38	14	24	2	2	1	X	X	C	546	
38	14	25	2	2	1	X	X	C	418	
38	14	26	2	6	4	.	.	C	674	
38	14	27	2	4	6	M	M	C	530	
38	14	28	2	3	3	C	C	C	705	
38	14	29	2	5	5	,	,	C	466	
38	14	30	2	4	6	M	M	C	610	
38	14	31	2	6	4	.	.	C	466	
38	14	32	2	1	2	Z	Z	C	434	
38	14	33	2	3	3	C	C	C	754	
38	14	34	2	5	5	,	,	C	578	
38	14	35	2	6	4	.	.	C	658	
38	14	36	2	5	5	,	,	C	466	
38	14	37	2	6	4	.	.	C	402	
38	14	38	2	5	5	,	,	C	546	
38	14	39	2	2	1	X	X	C	721	
38	14	40	2	4	6	M	M	C	482	
38	14	41	2	3	3	Z	C	I	546	
38	14	42	2	2	1	X	X	C	609	
38	14	43	2	6	4	.	.	C	482	
38	14	44	2	5	5	,	,	C	498	
38	14	45	2	6	4	.	.	C	514	
38	14	46	2	6	4	.	.	C	401	
38	14	47	2	3	3	C	C	C	706	
38	14	48	2	2	1	X	X	C	466	
38	14	49	2	1	2	Z	Z	C	530	
38	14	50	2	2	1	X	X	C	738	
38	15	1	2	2	1	X	X	C	3419	
38	15	2	2	1	2	Z	Z	C	546	
38	15	3	2	6	4	.	.	C	418	
38	15	4	2	6	4	.	.	C	370	
38	15	5	2	3	3	C	C	C	754	
38	15	6	2	3	3	C	C	C	385	
38	15	7	2	1	2	Z	Z	C	498	
38	15	8	2	2	1	X	X	C	482	
38	15	9	2	4	6	M	M	C	498	
38	15	10	2	3	3	C	C	C	465	
38	15	11	2	1	2	Z	Z	C	370	
38	15	12	2	3	3	C	C	C	434	
38	15	13	2	2	1	X	X	C	306	
38	15	14	2	6	4	M	.	I	465	
38	15	15	2	1	2	Z	Z	C	465	
38	15	16	2	3	3	C	C	C	594	
38	15	17	2	2	1	X	X	C	450	
38	15	18	2	1	2	Z	Z	C	465	
38	15	19	2	2	1	X	X	C	466	
38	15	20	2	5	5	,	,	C	498	
38	15	21	2	1	2	Z	Z	C	466	
38	15	22	2	6	4	.	.	C	450	
38	15	23	2	1	2	Z	Z	C	482	
38	15	24	2	4	6	.	M	I	657	
38	15	25	2	4	6	M	M	C	449	
38	15	26	2	1	2	Z	Z	C	466	
38	15	27	2	1	2	C	Z	I	386	
38	15	28	2	5	5	,	,	C	418	
38	15	29	2	3	3	X	C	I	530	
38	15	30	2	4	6	M	M	C	610	
38	15	31	2	1	2	Z	Z	C	434	
38	15	32	2	3	3	Z	C	I	418	
38	15	33	2	6	4	.	.	C	914	
38	15	34	2	5	5	,	,	C	610	
38	15	35	2	1	2	Z	Z	C	482	
38	15	36	2	5	5	,	,	C	546	
38	15	37	2	4	6	M	M	C	818	
38	15	38	2	1	2	Z	Z	C	481	
38	15	39	2	5	5	,	,	C	242	
38	15	40	2	2	1	C	X	I	545	
38	15	41	2	3	3	X	C	I	450	
38	15	42	2	4	6	,	M	I	450	
38	15	43	2	1	2	Z	Z	C	434	
38	15	44	2	2	1	M	X	I	290	
38	15	45	2	3	3	X	C	I	369	
38	15	46	2	5	5	,	,	C	370	
38	15	47	2	5	5	.	,	I	690	
38	15	48	2	5	5	,	,	C	658	
38	15	49	2	6	4	.	.	C	450	
38	15	50	2	4	6	.	M	I	354	
