#TrainType3  -  Started: 5/30/2007 4:27:36 PM	
#SubID	Block	Trial	Condition	Digit	Picture	Response	Correct_Response	Accuracy	RT	
45	1	1	3	5	6	M	,	I	2841	
45	1	2	3	5	6	,	,	C	1650	
45	1	3	3	6	2	.	.	C	1346	
45	1	4	3	4	1	M	M	C	930	
45	1	5	3	4	1	M	M	C	1071	
45	1	6	3	1	3	Z	Z	C	1266	
45	1	7	3	1	3	Z	Z	C	722	
45	1	8	3	5	6	,	,	C	833	
45	1	9	3	2	5	X	X	C	1121	
45	1	10	3	5	6	,	,	C	1073	
45	1	11	3	3	4	C	C	C	1070	
45	1	12	3	3	4	C	C	C	935	
45	1	13	3	1	3	Z	Z	C	1010	
45	1	14	3	3	4	C	C	C	1090	
45	1	15	3	3	4	C	C	C	821	
45	1	16	3	5	6	,	,	C	769	
45	1	17	3	5	6	,	,	C	657	
45	1	18	3	2	5	X	X	C	850	
45	1	19	3	4	1	M	M	C	1297	
45	1	20	3	4	1	M	M	C	690	
45	1	21	3	3	4	C	C	C	914	
45	1	22	3	3	4	C	C	C	658	
45	1	23	3	3	4	C	C	C	720	
45	1	24	3	2	5	X	X	C	722	
45	1	25	3	4	1	M	M	C	1400	
45	1	26	3	4	1	M	M	C	466	
45	1	27	3	6	2	.	.	C	1922	
45	1	28	3	6	2	.	.	C	450	
45	1	29	3	3	4	C	C	C	914	
45	1	30	3	2	5	Z	X	I	866	
45	1	31	3	6	2	.	.	C	1416	
45	1	32	3	6	2	.	.	C	555	
45	1	33	3	4	1	M	M	C	1346	
45	1	34	3	2	5	X	X	C	946	
45	1	35	3	1	3	Z	Z	C	1234	
45	1	36	3	2	5	X	X	C	786	
45	1	37	3	1	3	Z	Z	C	785	
45	1	38	3	3	4	C	C	C	657	
45	1	39	3	2	5	X	X	C	833	
45	1	40	3	3	4	C	C	C	642	
45	1	41	3	2	5	X	X	C	641	
45	1	42	3	4	1	M	M	C	619	
45	1	43	3	4	1	M	M	C	1106	
45	1	44	3	4	1	M	M	C	642	
45	1	45	3	6	2	.	.	C	1346	
45	1	46	3	1	3	Z	Z	C	802	
45	1	47	3	5	6	,	,	C	1025	
45	1	48	3	5	6	,	,	C	753	
45	1	49	3	6	2	.	.	C	737	
45	1	50	3	2	5	X	X	C	898	
45	2	1	3	4	1	M	M	C	2281	
45	2	2	3	6	2	.	.	C	904	
45	2	3	3	3	4	C	C	C	1218	
45	2	4	3	6	2	.	.	C	661	
45	2	5	3	2	5	X	X	C	1016	
45	2	6	3	6	2	.	.	C	674	
45	2	7	3	6	2	.	.	C	603	
45	2	8	3	3	4	C	C	C	1025	
45	2	9	3	4	1	M	M	C	770	
45	2	10	3	5	6	,	,	C	802	
45	2	11	3	6	2	.	.	C	556	
45	2	12	3	2	5	X	X	C	866	
45	2	13	3	6	2	.	.	C	578	
45	2	14	3	4	1	M	M	C	754	
45	2	15	3	3	4	C	C	C	648	
45	2	16	3	4	1	M	M	C	747	
45	2	17	3	2	5	X	X	C	961	
45	2	18	3	1	3	Z	Z	C	625	
45	2	19	3	1	3	Z	Z	C	642	
45	2	20	3	6	2	.	.	C	738	
45	2	21	3	1	3	Z	Z	C	706	
45	2	22	3	6	2	.	.	C	850	
45	2	23	3	4	1	M	M	C	929	
45	2	24	3	2	5	X	X	C	865	
45	2	25	3	2	5	X	X	C	801	
45	2	26	3	3	4	C	C	C	1265	
45	2	27	3	6	2	.	.	C	866	
45	2	28	3	4	1	M	M	C	866	
45	2	29	3	2	5	X	X	C	706	
45	2	30	3	1	3	Z	Z	C	808	
45	2	31	3	3	4	C	C	C	1009	
45	2	32	3	5	6	,	,	C	1137	
45	2	33	3	5	6	,	,	C	770	
45	2	34	3	5	6	,	,	C	658	
45	2	35	3	3	4	C	C	C	914	
45	2	36	3	2	5	X	X	C	658	
45	2	37	3	2	5	X	X	C	594	
45	2	38	3	4	1	M	M	C	760	
45	2	39	3	4	1	M	M	C	946	
45	2	40	3	2	5	X	X	C	615	
45	2	41	3	2	5	X	X	C	507	
45	2	42	3	3	4	C	C	C	1080	
45	2	43	3	4	1	M	M	C	930	
45	2	44	3	3	4	C	C	C	1032	
45	2	45	3	1	3	Z	Z	C	658	
45	2	46	3	1	3	Z	Z	C	578	
45	2	47	3	1	3	Z	Z	C	555	
45	2	48	3	5	6	,	,	C	865	
45	2	49	3	4	1	M	M	C	626	
45	2	50	3	2	5	X	X	C	666	
45	3	1	3	6	2	.	.	C	889	
45	3	2	3	3	4	C	C	C	929	
45	3	3	3	3	4	C	C	C	529	
45	3	4	3	3	4	C	C	C	438	
45	3	5	3	2	5	X	X	C	962	
45	3	6	3	1	3	Z	Z	C	620	
45	3	7	3	4	1	M	M	C	722	
45	3	8	3	4	1	M	M	C	635	
45	3	9	3	3	4	C	C	C	689	
45	3	10	3	1	3	Z	Z	C	625	
45	3	11	3	5	6	,	,	C	817	
45	3	12	3	5	6	,	,	C	641	
45	3	13	3	1	3	Z	Z	C	818	
45	3	14	3	6	2	.	.	C	872	
45	3	15	3	2	5	X	X	C	770	
45	3	16	3	6	2	.	.	C	898	
45	3	17	3	6	2	.	.	C	578	
45	3	18	3	4	1	M	M	C	935	
45	3	19	3	6	2	.	.	C	689	
45	3	20	3	2	5	X	X	C	658	
45	3	21	3	4	1	M	M	C	706	
45	3	22	3	4	1	M	M	C	530	
45	3	23	3	2	5	X	X	C	994	
45	3	24	3	5	6	,	,	C	1058	
45	3	25	3	1	3	Z	Z	C	904	
45	3	26	3	6	2	.	.	C	769	
45	3	27	3	1	3	Z	Z	C	769	
45	3	28	3	3	4	X	C	I	1159	
45	3	29	3	2	5	X	X	C	1880	
45	3	30	3	3	4	C	C	C	1010	
45	3	31	3	3	4	C	C	C	609	
45	3	32	3	4	1	M	M	C	705	
45	3	33	3	5	6	,	,	C	833	
45	3	34	3	5	6	,	,	C	514	
45	3	35	3	6	2	.	.	C	770	
45	3	36	3	1	3	Z	Z	C	754	
45	3	37	3	2	5	X	X	C	738	
45	3	38	3	4	1	M	M	C	674	
45	3	39	3	5	6	,	,	C	770	
45	3	40	3	3	4	C	C	C	1111	
45	3	41	3	5	6	,	,	C	1329	
45	3	42	3	6	2	.	.	C	786	
45	3	43	3	5	6	,	,	C	1426	
45	3	44	3	5	6	,	,	C	664	
45	3	45	3	5	6	,	,	C	722	
45	3	46	3	6	2	.	.	C	850	
45	3	47	3	2	5	X	X	C	1266	
45	3	48	3	6	2	.	.	C	737	
45	3	49	3	3	4	C	C	C	833	
45	3	50	3	3	4	C	C	C	865	
45	4	1	3	6	2	.	.	C	729	
45	4	2	3	6	2	.	.	C	561	
45	4	3	3	5	6	,	,	C	801	
45	4	4	3	3	4	C	C	C	785	
45	4	5	3	4	1	M	M	C	738	
45	4	6	3	1	3	Z	Z	C	770	
45	4	7	3	5	6	,	,	C	706	
45	4	8	3	2	5	X	X	C	818	
45	4	9	3	4	1	M	M	C	785	
45	4	10	3	4	1	M	M	C	545	
45	4	11	3	1	3	Z	Z	C	754	
45	4	12	3	3	4	C	C	C	1090	
45	4	13	3	6	2	.	.	C	578	
45	4	14	3	2	5	X	X	C	738	
45	4	15	3	2	5	X	X	C	658	
45	4	16	3	3	4	C	C	C	657	
45	4	17	3	1	3	Z	Z	C	610	
45	4	18	3	4	1	M	M	C	689	
45	4	19	3	3	4	C	C	C	737	
45	4	20	3	4	1	M	M	C	962	
45	4	21	3	6	2	.	.	C	578	
45	4	22	3	4	1	M	M	C	843	
45	4	23	3	3	4	C	C	C	754	
45	4	24	3	2	5	X	X	C	1010	
45	4	25	3	2	5	X	X	C	466	
45	4	26	3	2	5	X	X	C	721	
45	4	27	3	4	1	M	M	C	913	
45	4	28	3	1	3	Z	Z	C	930	
45	4	29	3	6	2	.	.	C	866	
45	4	30	3	2	5	X	X	C	690	
45	4	31	3	1	3	Z	Z	C	866	
45	4	32	3	5	6	,	,	C	738	
45	4	33	3	1	3	Z	Z	C	910	
45	4	34	3	4	1	M	M	C	721	
45	4	35	3	1	3	Z	Z	C	577	
45	4	36	3	1	3	Z	Z	C	498	
45	4	37	3	4	1	M	M	C	674	
45	4	38	3	1	3	Z	Z	C	642	
45	4	39	3	6	2	.	.	C	652	
45	4	40	3	2	5	X	X	C	1106	
45	4	41	3	1	3	Z	Z	C	738	
45	4	42	3	5	6	,	,	C	760	
45	4	43	3	2	5	X	X	C	674	
45	4	44	3	3	4	C	C	C	641	
45	4	45	3	6	2	.	.	C	658	
45	4	46	3	2	5	X	X	C	722	
45	4	47	3	5	6	,	,	C	1026	
45	4	48	3	3	4	C	C	C	738	
45	4	49	3	4	1	M	M	C	1074	
45	4	50	3	2	5	X	X	C	626	
45	5	1	3	4	1	M	M	C	873	
45	5	2	3	5	6	,	,	C	705	
45	5	3	3	2	5	C	X	I	626	
45	5	4	3	4	1	M	M	C	952	
45	5	5	3	6	2	.	.	C	615	
45	5	6	3	4	1	M	M	C	823	
45	5	7	3	4	1	M	M	C	530	
45	5	8	3	1	3	Z	Z	C	786	
45	5	9	3	2	5	X	X	C	792	
45	5	10	3	5	6	,	,	C	962	
45	5	11	3	2	5	X	X	C	882	
45	5	12	3	2	5	X	X	C	443	
45	5	13	3	3	4	C	C	C	770	
45	5	14	3	1	3	Z	Z	C	706	
45	5	15	3	1	3	Z	Z	C	802	
45	5	16	3	3	4	C	C	C	946	
45	5	17	3	3	4	C	C	C	636	
45	5	18	3	6	2	.	.	C	738	
45	5	19	3	1	3	Z	Z	C	833	
45	5	20	3	1	3	Z	Z	C	642	
45	5	21	3	6	2	.	.	C	897	
45	5	22	3	6	2	.	.	C	604	
45	5	23	3	3	4	C	C	C	1004	
45	5	24	3	6	2	.	.	C	610	
45	5	25	3	6	2	.	.	C	690	
45	5	26	3	3	4	C	C	C	738	
45	5	27	3	1	3	Z	Z	C	754	
45	5	28	3	5	6	,	,	C	1010	
45	5	29	3	5	6	,	,	C	487	
45	5	30	3	3	4	C	C	C	706	
45	5	31	3	2	5	X	X	C	722	
45	5	32	3	6	2	.	.	C	584	
45	5	33	3	5	6	,	,	C	722	
45	5	34	3	2	5	X	X	C	866	
45	5	35	3	5	6	,	,	C	1138	
45	5	36	3	1	3	Z	Z	C	802	
45	5	37	3	3	4	C	C	C	865	
45	5	38	3	5	6	,	,	C	722	
45	5	39	3	3	4	C	C	C	833	
45	5	40	3	3	4	C	C	C	689	
45	5	41	3	6	2	.	.	C	556	
45	5	42	3	2	5	X	X	C	652	
45	5	43	3	4	1	M	M	C	1250	
45	5	44	3	6	2	.	.	C	562	
45	5	45	3	6	2	.	.	C	674	
45	5	46	3	4	1	M	M	C	712	
45	5	47	3	2	5	X	X	C	818	
45	5	48	3	3	4	C	C	C	658	
45	5	49	3	4	1	M	M	C	802	
45	5	50	3	3	4	C	C	C	733	
45	6	1	3	5	6	,	,	C	1097	
45	6	2	3	5	6	,	,	C	545	
45	6	3	3	2	5	X	X	C	816	
45	6	4	3	5	6	,	,	C	731	
45	6	5	3	1	3	Z	Z	C	690	
45	6	6	3	1	3	Z	Z	C	578	
45	6	7	3	6	2	.	.	C	786	
45	6	8	3	6	2	.	.	C	523	
45	6	9	3	1	3	Z	Z	C	977	
45	6	10	3	3	4	C	C	C	1202	
45	6	11	3	3	4	C	C	C	880	
45	6	12	3	3	4	C	C	C	1010	
45	6	13	3	4	1	M	M	C	775	
45	6	14	3	5	6	,	,	C	578	
45	6	15	3	6	2	.	.	C	2465	
45	6	16	3	2	5	X	X	C	754	
45	6	17	3	5	6	,	,	C	689	
45	6	18	3	3	4	C	C	C	738	
45	6	19	3	3	4	C	C	C	914	
45	6	20	3	5	6	,	,	C	938	
45	6	21	3	4	1	M	M	C	632	
45	6	22	3	3	4	C	C	C	727	
45	6	23	3	1	3	Z	Z	C	929	
45	6	24	3	5	6	,	,	C	1441	
45	6	25	3	1	3	Z	Z	C	744	
45	6	26	3	2	5	X	X	C	738	
45	6	27	3	6	2	.	.	C	866	
45	6	28	3	4	1	M	M	C	1042	
45	6	29	3	4	1	M	M	C	456	
45	6	30	3	3	4	C	C	C	961	
45	6	31	3	5	6	,	,	C	1089	
45	6	32	3	3	4	C	C	C	817	
45	6	33	3	2	5	X	X	C	674	
45	6	34	3	4	1	M	M	C	674	
45	6	35	3	2	5	X	X	C	616	
45	6	36	3	4	1	M	M	C	1224	
45	6	37	3	5	6	,	,	C	728	
45	6	38	3	2	5	X	X	C	610	
45	6	39	3	6	2	.	.	C	737	
45	6	40	3	6	2	.	.	C	530	
45	6	41	3	2	5	X	X	C	866	
45	6	42	3	5	6	,	,	C	770	
45	6	43	3	2	5	X	X	C	690	
45	6	44	3	6	2	.	.	C	652	
45	6	45	3	2	5	X	X	C	728	
45	6	46	3	5	6	,	,	C	690	
45	6	47	3	5	6	,	,	C	801	
45	6	48	3	2	5	X	X	C	674	
45	6	49	3	3	4	C	C	C	1025	
45	6	50	3	1	3	Z	Z	C	744	
45	7	1	3	3	4	C	C	C	964	
45	7	2	3	1	3	Z	Z	C	690	
45	7	3	3	5	6	,	,	C	714	
45	7	4	3	5	6	,	,	C	530	
45	7	5	3	1	3	Z	Z	C	594	
45	7	6	3	4	1	M	M	C	722	
45	7	7	3	6	2	.	.	C	801	
45	7	8	3	1	3	Z	Z	C	535	
45	7	9	3	6	2	.	.	C	648	
45	7	10	3	2	5	X	X	C	722	
45	7	11	3	4	1	M	M	C	674	
45	7	12	3	4	1	M	M	C	386	
45	7	13	3	4	1	M	M	C	386	
45	7	14	3	4	1	M	M	C	418	
45	7	15	3	6	2	.	.	C	826	
45	7	16	3	1	3	Z	Z	C	722	
45	7	17	3	4	1	M	M	C	866	
45	7	18	3	3	4	C	C	C	1505	
45	7	19	3	3	4	C	C	C	562	
45	7	20	3	3	4	C	C	C	530	
45	7	21	3	1	3	Z	Z	C	882	
45	7	22	3	1	3	Z	Z	C	498	
45	7	23	3	6	2	.	.	C	610	
45	7	24	3	2	5	X	X	C	610	
45	7	25	3	5	6	,	,	C	1266	
45	7	26	3	6	2	.	.	C	738	
45	7	27	3	6	2	.	.	C	1746	
45	7	28	3	6	2	.	.	C	482	
45	7	29	3	2	5	X	X	C	571	
45	7	30	3	3	4	C	C	C	530	
45	7	31	3	5	6	,	,	C	706	
45	7	32	3	5	6	,	,	C	507	
45	7	33	3	5	6	,	,	C	625	
45	7	34	3	4	1	M	M	C	684	
45	7	35	3	2	5	X	X	C	593	
45	7	36	3	5	6	,	,	C	656	
45	7	37	3	3	4	C	C	C	706	
45	7	38	3	1	3	Z	Z	C	680	
45	7	39	3	1	3	Z	Z	C	578	
45	7	40	3	1	3	Z	Z	C	472	
45	7	41	3	1	3	Z	Z	C	476	
45	7	42	3	2	5	X	X	C	577	
45	7	43	3	6	2	.	.	C	658	
45	7	44	3	6	2	.	.	C	460	
45	7	45	3	1	3	Z	Z	C	1537	
45	7	46	3	6	2	.	.	C	578	
45	7	47	3	6	2	.	.	C	482	
45	7	48	3	6	2	.	.	C	428	
45	7	49	3	2	5	X	X	C	556	
45	7	50	3	5	6	,	,	C	738	
45	8	1	3	2	5	X	X	C	624	
45	8	2	3	5	6	,	,	C	849	
45	8	3	3	3	4	C	C	C	578	
45	8	4	3	3	4	C	C	C	434	
45	8	5	3	6	2	.	.	C	562	
45	8	6	3	4	1	M	M	C	866	
45	8	7	3	2	5	X	X	C	642	
45	8	8	3	1	3	Z	Z	C	706	
45	8	9	3	2	5	X	X	C	578	
45	8	10	3	2	5	X	X	C	604	
45	8	11	3	3	4	C	C	C	897	
45	8	12	3	6	2	.	.	C	610	
45	8	13	3	1	3	Z	Z	C	610	
45	8	14	3	1	3	Z	Z	C	504	
45	8	15	3	5	6	M	,	I	610	
45	8	16	3	2	5	X	X	C	856	
45	8	17	3	1	3	Z	Z	C	647	
45	8	18	3	2	5	X	X	C	642	
45	8	19	3	3	4	C	C	C	887	
45	8	20	3	3	4	C	C	C	578	
45	8	21	3	6	2	.	.	C	866	
45	8	22	3	3	4	C	C	C	786	
45	8	23	3	1	3	Z	Z	C	562	
45	8	24	3	2	5	X	X	C	626	
45	8	25	3	2	5	X	X	C	417	
45	8	26	3	4	1	M	M	C	849	
45	8	27	3	1	3	Z	Z	C	690	
45	8	28	3	1	3	Z	Z	C	610	
45	8	29	3	4	1	M	M	C	1026	
45	8	30	3	3	4	C	C	C	642	
45	8	31	3	1	3	Z	Z	C	722	
45	8	32	3	4	1	M	M	C	664	
45	8	33	3	2	5	X	X	C	898	
45	8	34	3	1	3	Z	Z	C	1505	
45	8	35	3	3	4	C	C	C	754	
45	8	36	3	3	4	C	C	C	882	
45	8	37	3	4	1	M	M	C	1106	
45	8	38	3	1	3	Z	Z	C	866	
45	8	39	3	2	5	X	X	C	930	
45	8	40	3	1	3	Z	Z	C	722	
45	8	41	3	1	3	Z	Z	C	530	
45	8	42	3	6	2	.	.	C	850	
45	8	43	3	1	3	Z	Z	C	795	
45	8	44	3	2	5	X	X	C	1106	
45	8	45	3	3	4	C	C	C	946	
45	8	46	3	2	5	X	X	C	786	
45	8	47	3	1	3	Z	Z	C	664	
45	8	48	3	4	1	M	M	C	914	
45	8	49	3	6	2	.	.	C	728	
45	8	50	3	4	1	M	M	C	850	
45	9	1	3	4	1	M	M	C	1041	
45	9	2	3	6	2	.	.	C	769	
45	9	3	3	3	4	C	C	C	770	
45	9	4	3	5	6	,	,	C	578	
45	9	5	3	1	3	Z	Z	C	652	
45	9	6	3	1	3	Z	Z	C	604	
45	9	7	3	2	5	X	X	C	834	
45	9	8	3	4	1	M	M	C	1057	
45	9	9	3	4	1	M	M	C	546	
45	9	10	3	6	2	.	.	C	690	
45	9	11	3	5	6	,	,	C	770	
45	9	12	3	2	5	X	X	C	562	
45	9	13	3	1	3	Z	Z	C	802	
45	9	14	3	3	4	C	C	C	674	
45	9	15	3	6	2	.	.	C	610	
45	9	16	3	4	1	M	M	C	722	
45	9	17	3	3	4	C	C	C	552	
45	9	18	3	1	3	Z	Z	C	578	
45	9	19	3	2	5	X	X	C	951	
45	9	20	3	4	1	M	M	C	621	
45	9	21	3	1	3	Z	Z	C	668	
45	9	22	3	1	3	Z	Z	C	530	
45	9	23	3	5	6	,	,	C	802	
45	9	24	3	6	2	.	.	C	466	
45	9	25	3	1	3	Z	Z	C	578	
45	9	26	3	4	1	M	M	C	658	
45	9	27	3	6	2	.	.	C	561	
45	9	28	3	1	3	Z	Z	C	577	
45	9	29	3	5	6	,	,	C	738	
45	9	30	3	4	1	M	M	C	711	
45	9	31	3	1	3	Z	Z	C	1122	
45	9	32	3	3	4	C	C	C	1041	
45	9	33	3	2	5	X	X	C	642	
45	9	34	3	6	2	.	.	C	722	
45	9	35	3	5	6	,	,	C	769	
45	9	36	3	5	6	,	,	C	626	
45	9	37	3	5	6	,	,	C	449	
45	9	38	3	5	6	,	,	C	578	
45	9	39	3	4	1	M	M	C	594	
45	9	40	3	5	6	,	,	C	562	
45	9	41	3	3	4	X	C	I	1026	
45	9	42	3	6	2	.	.	C	712	
45	9	43	3	5	6	,	,	C	722	
45	9	44	3	6	2	.	.	C	588	
45	9	45	3	6	2	.	.	C	425	
45	9	46	3	3	4	C	C	C	978	
45	9	47	3	6	2	.	.	C	610	
45	9	48	3	2	5	X	X	C	1052	
45	9	49	3	6	2	.	.	C	498	
45	9	50	3	6	2	.	.	C	578	
45	10	1	3	5	6	,	,	C	724	
45	10	2	3	2	5	X	X	C	599	
45	10	3	3	1	3	Z	Z	C	658	
45	10	4	3	3	4	C	C	C	625	
45	10	5	3	1	3	Z	Z	C	562	
45	10	6	3	1	3	Z	Z	C	449	
45	10	7	3	4	1	M	M	C	706	
45	10	8	3	1	3	Z	Z	C	642	
45	10	9	3	6	2	.	.	C	588	
45	10	10	3	1	3	Z	Z	C	626	
45	10	11	3	4	1	M	M	C	690	
45	10	12	3	6	2	.	.	C	594	
45	10	13	3	4	1	M	M	C	791	
45	10	14	3	6	2	.	.	C	631	
45	10	15	3	6	2	.	.	C	423	
45	10	16	3	4	1	M	M	C	652	
45	10	17	3	2	5	X	X	C	818	
45	10	18	3	6	2	.	.	C	786	
45	10	19	3	2	5	X	X	C	737	
45	10	20	3	4	1	M	M	C	834	
45	10	21	3	6	2	.	.	C	615	
45	10	22	3	2	5	X	X	C	615	
45	10	23	3	4	1	M	M	C	1052	
45	10	24	3	3	4	C	C	C	690	
45	10	25	3	5	6	C	,	I	898	
45	10	26	3	6	2	.	.	C	712	
45	10	27	3	6	2	.	.	C	453	
45	10	28	3	1	3	Z	Z	C	631	
45	10	29	3	6	2	.	.	C	519	
45	10	30	3	2	5	X	X	C	673	
45	10	31	3	2	5	X	X	C	466	
45	10	32	3	1	3	Z	Z	C	786	
45	10	33	3	3	4	C	C	C	578	
45	10	34	3	5	6	,	,	C	866	
45	10	35	3	5	6	,	,	C	530	
45	10	36	3	1	3	Z	Z	C	690	
45	10	37	3	5	6	,	,	C	658	
45	10	38	3	5	6	,	,	C	631	
45	10	39	3	1	3	Z	Z	C	706	
45	10	40	3	2	5	X	X	C	743	
45	10	41	3	3	4	C	C	C	946	
45	10	42	3	4	1	M	M	C	1090	
45	10	43	3	4	1	M	M	C	488	
45	10	44	3	2	5	X	X	C	668	
45	10	45	3	6	2	.	.	C	855	
45	10	46	3	2	5	X	X	C	1026	
45	10	47	3	5	6	,	,	C	1217	
45	10	48	3	2	5	X	X	C	754	
45	10	49	3	5	6	,	,	C	898	
45	10	50	3	4	1	M	M	C	674	
45	11	1	3	1	3	Z	Z	C	943	
45	11	2	3	5	6	,	,	C	801	
45	11	3	3	6	2	.	.	C	562	
45	11	4	3	1	3	Z	Z	C	615	
45	11	5	3	6	2	.	.	C	529	
45	11	6	3	4	1	M	M	C	690	
45	11	7	3	6	2	.	.	C	519	
45	11	8	3	6	2	.	.	C	460	
45	11	9	3	4	1	M	M	C	690	
45	11	10	3	2	5	X	X	C	610	
45	11	11	3	4	1	M	M	C	1064	
45	11	12	3	3	4	C	C	C	647	
45	11	13	3	1	3	Z	Z	C	594	
45	11	14	3	6	2	.	.	C	514	
45	11	15	3	2	5	Z	X	I	562	
45	11	16	3	5	6	,	,	C	1361	
45	11	17	3	3	4	C	C	C	690	
45	11	18	3	6	2	.	.	C	690	
45	11	19	3	3	4	C	C	C	1000	
45	11	20	3	4	1	M	M	C	1074	
45	11	21	3	6	2	.	.	C	738	
45	11	22	3	2	5	X	X	C	812	
45	11	23	3	5	6	,	,	C	882	
45	11	24	3	2	5	X	X	C	658	
45	11	25	3	4	1	M	M	C	786	
45	11	26	3	5	6	,	,	C	840	
45	11	27	3	4	1	M	M	C	1122	
45	11	28	3	2	5	X	X	C	754	
45	11	29	3	3	4	C	C	C	1010	
45	11	30	3	2	5	X	X	C	610	
45	11	31	3	5	6	,	,	C	1054	
45	11	32	3	3	4	C	C	C	722	
45	11	33	3	5	6	,	,	C	786	
45	11	34	3	6	2	.	.	C	888	
45	11	35	3	1	3	Z	Z	C	866	
45	11	36	3	3	4	C	C	C	898	
45	11	37	3	2	5	X	X	C	620	
45	11	38	3	5	6	,	,	C	1314	
45	11	39	3	2	5	X	X	C	1149	
45	11	40	3	2	5	X	X	C	663	
45	11	41	3	1	3	Z	Z	C	850	
45	11	42	3	5	6	,	,	C	1138	
45	11	43	3	4	1	M	M	C	994	
45	11	44	3	5	6	,	,	C	898	
45	11	45	3	2	5	X	X	C	642	
45	11	46	3	4	1	M	M	C	871	
45	11	47	3	5	6	,	,	C	754	
45	11	48	3	5	6	,	,	C	566	
45	11	49	3	4	1	M	M	C	615	
45	11	50	3	4	1	M	M	C	498	
45	12	1	3	4	1	M	M	C	810	
45	12	2	3	6	2	.	.	C	609	
45	12	3	3	5	6	,	,	C	658	
45	12	4	3	3	4	C	C	C	759	
45	12	5	3	5	6	,	,	C	882	
45	12	6	3	4	1	M	M	C	690	
45	12	7	3	4	1	M	M	C	546	
45	12	8	3	5	6	,	,	C	604	
45	12	9	3	4	1	M	M	C	642	
45	12	10	3	1	3	Z	Z	C	700	
45	12	11	3	1	3	Z	Z	C	556	
45	12	12	3	6	2	.	.	C	562	
45	12	13	3	3	4	C	C	C	706	
45	12	14	3	1	3	Z	Z	C	594	
45	12	15	3	4	1	M	M	C	898	
45	12	16	3	6	2	.	.	C	844	
45	12	17	3	2	5	X	X	C	674	
45	12	18	3	1	3	Z	Z	C	770	
45	12	19	3	5	6	,	,	C	712	
45	12	20	3	1	3	Z	Z	C	642	
45	12	21	3	1	3	Z	Z	C	1153	
45	12	22	3	4	1	M	M	C	1186	
45	12	23	3	1	3	Z	Z	C	882	
45	12	24	3	2	5	X	X	C	1026	
45	12	25	3	4	1	M	M	C	898	
45	12	26	3	4	1	M	M	C	562	
45	12	27	3	6	2	.	.	C	657	
45	12	28	3	4	1	M	M	C	632	
45	12	29	3	4	1	M	M	C	690	
45	12	30	3	1	3	Z	Z	C	914	
45	12	31	3	5	6	,	,	C	770	
45	12	32	3	6	2	.	.	C	930	
45	12	33	3	1	3	Z	Z	C	708	
45	12	34	3	5	6	,	,	C	818	
45	12	35	3	3	4	C	C	C	785	
45	12	36	3	6	2	.	.	C	647	
45	12	37	3	6	2	.	.	C	498	
45	12	38	3	2	5	X	X	C	610	
45	12	39	3	2	5	X	X	C	578	
45	12	40	3	2	5	X	X	C	434	
45	12	41	3	2	5	X	X	C	424	
45	12	42	3	5	6	,	,	C	690	
45	12	43	3	4	1	M	M	C	722	
45	12	44	3	3	4	C	C	C	866	
45	12	45	3	4	1	M	M	C	610	
45	12	46	3	6	2	.	.	C	562	
45	12	47	3	6	2	.	.	C	530	
45	12	48	3	3	4	C	C	C	818	
45	12	49	3	6	2	.	.	C	658	
45	12	50	3	2	5	X	X	C	737	
45	13	1	3	1	3	Z	Z	C	645	
45	13	2	3	1	3	Z	Z	C	475	
45	13	3	3	3	4	C	C	C	642	
45	13	4	3	3	4	C	C	C	439	
45	13	5	3	5	6	,	,	C	706	
45	13	6	3	5	6	,	,	C	498	
45	13	7	3	2	5	X	X	C	578	
45	13	8	3	4	1	M	M	C	609	
45	13	9	3	5	6	,	,	C	498	
45	13	10	3	1	3	Z	Z	C	690	
45	13	11	3	3	4	C	C	C	962	
45	13	12	3	3	4	C	C	C	753	
45	13	13	3	6	2	.	.	C	994	
45	13	14	3	5	6	,	,	C	674	
45	13	15	3	4	1	M	M	C	626	
45	13	16	3	6	2	.	.	C	626	
45	13	17	3	1	3	Z	Z	C	1017	
45	13	18	3	2	5	X	X	C	1170	
45	13	19	3	1	3	Z	Z	C	706	
45	13	20	3	4	1	M	M	C	882	
45	13	21	3	6	2	.	.	C	594	
45	13	22	3	1	3	Z	Z	C	770	
45	13	23	3	3	4	C	C	C	1026	
45	13	24	3	2	5	X	X	C	610	
45	13	25	3	5	6	,	,	C	866	
45	13	26	3	6	2	.	.	C	610	
45	13	27	3	4	1	M	M	C	642	
45	13	28	3	3	4	C	C	C	1047	
45	13	29	3	3	4	C	C	C	551	
45	13	30	3	2	5	X	X	C	610	
45	13	31	3	1	3	Z	Z	C	508	
45	13	32	3	5	6	,	,	C	786	
45	13	33	3	1	3	Z	Z	C	658	
45	13	34	3	6	2	.	.	C	690	
45	13	35	3	4	1	M	M	C	892	
45	13	36	3	1	3	Z	Z	C	674	
45	13	37	3	5	6	,	,	C	770	
45	13	38	3	6	2	.	.	C	620	
45	13	39	3	2	5	X	X	C	711	
45	13	40	3	1	3	Z	Z	C	645	
45	13	41	3	4	1	M	M	C	695	
45	13	42	3	3	4	C	C	C	706	
45	13	43	3	6	2	.	.	C	594	
45	13	44	3	3	4	C	C	C	626	
45	13	45	3	6	2	.	.	C	588	
45	13	46	3	5	6	,	,	C	753	
45	13	47	3	4	1	M	M	C	919	
45	13	48	3	5	6	,	,	C	865	
45	13	49	3	3	4	C	C	C	647	
45	13	50	3	3	4	C	C	C	914	
45	14	1	3	4	1	M	M	C	842	
45	14	2	3	2	5	X	X	C	562	
45	14	3	3	1	3	Z	Z	C	658	
45	14	4	3	6	2	.	.	C	562	
45	14	5	3	5	6	,	,	C	674	
45	14	6	3	4	1	M	M	C	594	
45	14	7	3	4	1	M	M	C	482	
45	14	8	3	6	2	.	.	C	562	
45	14	9	3	4	1	M	M	C	578	
45	14	10	3	2	5	X	X	C	706	
45	14	11	3	1	3	Z	Z	C	562	
45	14	12	3	1	3	Z	Z	C	481	
45	14	13	3	6	2	.	.	C	616	
45	14	14	3	6	2	.	.	C	482	
45	14	15	3	6	2	.	.	C	520	
45	14	16	3	6	2	.	.	C	370	
45	14	17	3	4	1	M	M	C	578	
45	14	18	3	4	1	M	M	C	498	
45	14	19	3	2	5	X	X	C	535	
45	14	20	3	3	4	C	C	C	642	
45	14	21	3	1	3	Z	Z	C	642	
45	14	22	3	6	2	.	.	C	578	
45	14	23	3	5	6	,	,	C	722	
45	14	24	3	4	1	M	M	C	588	
45	14	25	3	5	6	,	,	C	465	
45	14	26	3	2	5	X	X	C	514	
45	14	27	3	1	3	Z	Z	C	433	
45	14	28	3	5	6	,	,	C	635	
45	14	29	3	6	2	.	.	C	610	
45	14	30	3	1	3	Z	Z	C	450	
45	14	31	3	3	4	C	C	C	664	
45	14	32	3	6	2	.	.	C	885	
45	14	33	3	5	6	,	,	C	658	
45	14	34	3	5	6	,	,	C	529	
45	14	35	3	6	2	.	.	C	562	
45	14	36	3	4	1	M	M	C	802	
45	14	37	3	6	2	.	.	C	633	
45	14	38	3	6	2	.	.	C	482	
45	14	39	3	5	6	,	,	C	568	
45	14	40	3	4	1	M	M	C	610	
45	14	41	3	5	6	,	,	C	562	
45	14	42	3	6	2	.	.	C	514	
45	14	43	3	4	1	M	M	C	850	
45	14	44	3	6	2	.	.	C	642	
45	14	45	3	3	4	C	C	C	850	
45	14	46	3	4	1	M	M	C	1186	
45	14	47	3	3	4	C	C	C	1106	
45	14	48	3	2	5	X	X	C	658	
45	14	49	3	5	6	,	,	C	642	
45	14	50	3	6	2	.	.	C	594	
45	15	1	3	5	6	,	,	C	624	
45	15	2	3	1	3	Z	Z	C	657	
45	15	3	3	4	1	M	M	C	610	
45	15	4	3	1	3	Z	Z	C	562	
45	15	5	3	5	6	,	,	C	551	
45	15	6	3	2	5	X	X	C	690	
45	15	7	3	4	1	M	M	C	632	
45	15	8	3	6	2	.	.	C	562	
45	15	9	3	4	1	M	M	C	801	
45	15	10	3	4	1	M	M	C	610	
45	15	11	3	1	3	Z	Z	C	898	
45	15	12	3	6	2	.	.	C	754	
45	15	13	3	6	2	.	.	C	466	
45	15	14	3	6	2	.	.	C	610	
45	15	15	3	3	4	C	C	C	962	
45	15	16	3	4	1	M	M	C	658	
45	15	17	3	6	2	.	.	C	578	
45	15	18	3	6	2	.	.	C	690	
45	15	19	3	3	4	C	C	C	834	
45	15	20	3	1	3	Z	Z	C	930	
45	15	21	3	4	1	M	M	C	690	
45	15	22	3	3	4	C	C	C	711	
45	15	23	3	2	5	X	X	C	658	
45	15	24	3	6	2	.	.	C	610	
45	15	25	3	2	5	X	X	C	706	
45	15	26	3	3	4	C	C	C	770	
45	15	27	3	2	5	X	X	C	728	
45	15	28	3	6	2	.	.	C	770	
45	15	29	3	3	4	C	C	C	754	
45	15	30	3	2	5	X	X	C	530	
45	15	31	3	6	2	.	.	C	690	
45	15	32	3	6	2	.	.	C	498	
45	15	33	3	5	6	,	,	C	503	
45	15	34	3	6	2	.	.	C	690	
45	15	35	3	3	4	C	C	C	844	
45	15	36	3	6	2	.	.	C	594	
45	15	37	3	4	1	M	M	C	626	
45	15	38	3	4	1	M	M	C	551	
45	15	39	3	6	2	.	.	C	588	
45	15	40	3	4	1	M	M	C	674	
45	15	41	3	1	3	Z	Z	C	770	
45	15	42	3	6	2	.	.	C	546	
45	15	43	3	5	6	,	,	C	786	
45	15	44	3	2	5	X	X	C	594	
45	15	45	3	1	3	Z	Z	C	594	
45	15	46	3	5	6	,	,	C	817	
45	15	47	3	6	2	.	.	C	690	
45	15	48	3	2	5	X	X	C	641	
45	15	49	3	5	6	,	,	C	636	
45	15	50	3	4	1	M	M	C	444	
