#TrainType3  -  Started: 6/1/2007 1:33:19 PM	
#SubID	Block	Trial	Condition	Digit	Picture	Response	Correct_Response	Accuracy	RT	
60	1	1	3	4	4	M	M	C	1369	
60	1	2	3	6	1	.	.	C	1233	
60	1	3	3	4	4	M	M	C	673	
60	1	4	3	2	6	X	X	C	1121	
60	1	5	3	4	4	M	M	C	769	
60	1	6	3	6	1	.	.	C	978	
60	1	7	3	1	2	Z	Z	C	1218	
60	1	8	3	6	1	.	.	C	1602	
60	1	9	3	5	5	,	,	C	754	
60	1	10	3	3	3	C	C	C	753	
60	1	11	3	5	5	,	,	C	641	
60	1	12	3	5	5	,	,	C	753	
60	1	13	3	5	5	,	,	C	498	
60	1	14	3	3	3	C	C	C	658	
60	1	15	3	5	5	,	,	C	658	
60	1	16	3	2	6	X	X	C	594	
60	1	17	3	1	2	Z	Z	C	786	
60	1	18	3	1	2	Z	Z	C	1054	
60	1	19	3	1	2	Z	Z	C	466	
60	1	20	3	3	3	C	C	C	1105	
60	1	21	3	4	4	M	M	C	657	
60	1	22	3	1	2	Z	Z	C	513	
60	1	23	3	1	2	Z	Z	C	738	
60	1	24	3	4	4	X	M	I	494	
60	1	25	3	2	6	X	X	C	997	
60	1	26	3	4	4	M	M	C	996	
60	1	27	3	1	2	Z	Z	C	590	
60	1	28	3	1	2	Z	Z	C	530	
60	1	29	3	6	1	.	.	C	1234	
60	1	30	3	5	5	,	,	C	626	
60	1	31	3	1	2	Z	Z	C	546	
60	1	32	3	5	5	,	,	C	498	
60	1	33	3	6	1	.	.	C	689	
60	1	34	3	1	2	Z	Z	C	498	
60	1	35	3	5	5	,	,	C	546	
60	1	36	3	1	2	Z	Z	C	386	
60	1	37	3	1	2	Z	Z	C	546	
60	1	38	3	6	1	.	.	C	1362	
60	1	39	3	1	2	Z	Z	C	562	
60	1	40	3	1	2	Z	Z	C	498	
60	1	41	3	4	4	M	M	C	865	
60	1	42	3	6	1	.	.	C	689	
60	1	43	3	3	3	C	C	C	606	
60	1	44	3	1	2	Z	Z	C	526	
60	1	45	3	1	2	Z	Z	C	530	
60	1	46	3	6	1	,	.	I	770	
60	1	47	3	3	3	C	C	C	1102	
60	1	48	3	1	2	Z	Z	C	610	
60	1	49	3	6	1	.	.	C	882	
60	1	50	3	1	2	Z	Z	C	482	
60	2	1	3	2	6	X	X	C	1034	
60	2	2	3	6	1	.	.	C	1217	
60	2	3	3	4	4	M	M	C	561	
60	2	4	3	3	3	Z	C	I	529	
60	2	5	3	1	2	Z	Z	C	622	
60	2	6	3	2	6	X	X	C	1041	
60	2	7	3	5	5	,	,	C	530	
60	2	8	3	3	3	C	C	C	497	
60	2	9	3	4	4	M	M	C	1026	
60	2	10	3	3	3	C	C	C	913	
60	2	11	3	1	2	Z	Z	C	498	
60	2	12	3	5	5	,	,	C	577	
60	2	13	3	5	5	,	,	C	513	
60	2	14	3	3	3	C	C	C	612	
60	2	15	3	5	5	,	,	C	498	
60	2	16	3	4	4	M	M	C	718	
60	2	17	3	3	3	C	C	C	895	
60	2	18	3	3	3	C	C	C	626	
60	2	19	3	2	6	X	X	C	657	
60	2	20	3	5	5	,	,	C	574	
60	2	21	3	2	6	X	X	C	929	
60	2	22	3	6	1	.	.	C	542	
60	2	23	3	4	4	M	M	C	770	
60	2	24	3	6	1	,	.	I	594	
60	2	25	3	2	6	X	X	C	1118	
60	2	26	3	4	4	X	M	I	593	
60	2	27	3	6	1	.	.	C	1038	
60	2	28	3	6	1	.	.	C	942	
60	2	29	3	6	1	.	.	C	596	
60	2	30	3	4	4	M	M	C	689	
60	2	31	3	4	4	M	M	C	801	
60	2	32	3	6	1	.	.	C	1326	
60	2	33	3	1	2	Z	Z	C	578	
60	2	34	3	4	4	M	M	C	914	
60	2	35	3	1	2	Z	Z	C	530	
60	2	36	3	3	3	C	C	C	574	
60	2	37	3	3	3	C	C	C	750	
60	2	38	3	2	6	X	X	C	561	
60	2	39	3	2	6	X	X	C	1009	
60	2	40	3	6	1	.	.	C	754	
60	2	41	3	4	4	M	M	C	706	
60	2	42	3	1	2	Z	Z	C	546	
60	2	43	3	6	1	.	.	C	690	
60	2	44	3	4	4	M	M	C	801	
60	2	45	3	1	2	Z	Z	C	494	
60	2	46	3	3	3	C	C	C	657	
60	2	47	3	5	5	,	,	C	977	
60	2	48	3	3	3	C	C	C	674	
60	2	49	3	5	5	,	,	C	962	
60	2	50	3	5	5	,	,	C	578	
60	3	1	3	5	5	,	,	C	1129	
60	3	2	3	1	2	Z	Z	C	497	
60	3	3	3	3	3	C	C	C	526	
60	3	4	3	1	2	Z	Z	C	546	
60	3	5	3	3	3	C	C	C	578	
60	3	6	3	4	4	X	M	I	414	
60	3	7	3	2	6	X	X	C	1227	
60	3	8	3	6	1	.	.	C	974	
60	3	9	3	5	5	,	,	C	606	
60	3	10	3	2	6	X	X	C	1185	
60	3	11	3	5	5	,	,	C	690	
60	3	12	3	1	2	Z	Z	C	434	
60	3	13	3	6	1	.	.	C	962	
60	3	14	3	1	2	Z	Z	C	386	
60	3	15	3	6	1	.	.	C	977	
60	3	16	3	1	2	Z	Z	C	578	
60	3	17	3	5	5	,	,	C	578	
60	3	18	3	4	4	M	M	C	894	
60	3	19	3	2	6	X	X	C	817	
60	3	20	3	6	1	.	.	C	1106	
60	3	21	3	4	4	M	M	C	674	
60	3	22	3	1	2	Z	Z	C	514	
60	3	23	3	3	3	C	C	C	878	
60	3	24	3	6	1	.	.	C	978	
60	3	25	3	1	2	Z	Z	C	578	
60	3	26	3	2	6	X	X	C	753	
60	3	27	3	5	5	,	,	C	674	
60	3	28	3	5	5	,	,	C	1217	
60	3	29	3	6	1	.	.	C	1330	
60	3	30	3	1	2	Z	Z	C	530	
60	3	31	3	1	2	Z	Z	C	498	
60	3	32	3	4	4	M	M	C	1169	
60	3	33	3	6	1	.	.	C	1038	
60	3	34	3	3	3	C	C	C	642	
60	3	35	3	1	2	Z	Z	C	433	
60	3	36	3	5	5	,	,	C	626	
60	3	37	3	6	1	.	.	C	453	
60	3	38	3	2	6	X	X	C	514	
60	3	39	3	3	3	C	C	C	418	
60	3	40	3	3	3	C	C	C	466	
60	3	41	3	1	2	Z	Z	C	416	
60	3	42	3	3	3	C	C	C	558	
60	3	43	3	5	5	,	,	C	610	
60	3	44	3	3	3	C	C	C	514	
60	3	45	3	6	1	.	.	C	802	
60	3	46	3	3	3	C	C	C	561	
60	3	47	3	4	4	M	M	C	498	
60	3	48	3	6	1	.	.	C	802	
60	3	49	3	4	4	M	M	C	735	
60	3	50	3	6	1	.	.	C	1026	
60	4	1	3	5	5	,	,	C	554	
60	4	2	3	6	1	.	.	C	609	
60	4	3	3	4	4	M	M	C	546	
60	4	4	3	3	3	C	C	C	578	
60	4	5	3	2	6	C	X	I	542	
60	4	6	3	1	2	Z	Z	C	1166	
60	4	7	3	5	5	,	,	C	846	
60	4	8	3	1	2	Z	Z	C	561	
60	4	9	3	3	3	C	C	C	721	
60	4	10	3	4	4	M	M	C	1042	
60	4	11	3	1	2	Z	Z	C	498	
60	4	12	3	6	1	.	.	C	738	
60	4	13	3	3	3	C	C	C	626	
60	4	14	3	3	3	C	C	C	498	
60	4	15	3	2	6	X	X	C	1026	
60	4	16	3	6	1	.	.	C	754	
60	4	17	3	1	2	Z	Z	C	529	
60	4	18	3	6	1	.	.	C	722	
60	4	19	3	1	2	Z	Z	C	498	
60	4	20	3	2	6	X	X	C	994	
60	4	21	3	1	2	Z	Z	C	546	
60	4	22	3	5	5	,	,	C	782	
60	4	23	3	1	2	Z	Z	C	562	
60	4	24	3	4	4	M	M	C	1026	
60	4	25	3	4	4	M	M	C	446	
60	4	26	3	4	4	M	M	C	418	
60	4	27	3	2	6	X	X	C	849	
60	4	28	3	4	4	M	M	C	738	
60	4	29	3	3	3	C	C	C	622	
60	4	30	3	4	4	M	M	C	1074	
60	4	31	3	2	6	X	X	C	1282	
60	4	32	3	2	6	X	X	C	562	
60	4	33	3	6	1	.	.	C	546	
60	4	34	3	4	4	M	M	C	689	
60	4	35	3	2	6	X	X	C	1009	
60	4	36	3	2	6	X	X	C	510	
60	4	37	3	6	1	.	.	C	658	
60	4	38	3	4	4	M	M	C	1010	
60	4	39	3	4	4	M	M	C	418	
60	4	40	3	3	3	C	C	C	722	
60	4	41	3	4	4	M	M	C	718	
60	4	42	3	5	5	,	,	C	562	
60	4	43	3	2	6	X	X	C	1134	
60	4	44	3	1	2	Z	Z	C	530	
60	4	45	3	1	2	Z	Z	C	389	
60	4	46	3	6	1	.	.	C	722	
60	4	47	3	6	1	.	.	C	706	
60	4	48	3	1	2	Z	Z	C	514	
60	4	49	3	6	1	.	.	C	1026	
60	4	50	3	5	5	,	,	C	1074	
60	5	1	3	6	1	.	.	C	695	
60	5	2	3	5	5	,	,	C	623	
60	5	3	3	4	4	M	M	C	610	
60	5	4	3	4	4	M	M	C	750	
60	5	5	3	3	3	C	C	C	466	
60	5	6	3	2	6	X	X	C	737	
60	5	7	3	5	5	,	,	C	1054	
60	5	8	3	5	5	,	,	C	498	
60	5	9	3	2	6	X	X	C	735	
60	5	10	3	5	5	,	,	C	816	
60	5	11	3	4	4	M	M	C	882	
60	5	12	3	4	4	M	M	C	590	
60	5	13	3	2	6	X	X	C	1153	
60	5	14	3	1	2	Z	Z	C	498	
60	5	15	3	3	3	C	C	C	481	
60	5	16	3	5	5	,	,	C	882	
60	5	17	3	3	3	C	C	C	546	
60	5	18	3	5	5	,	,	C	1106	
60	5	19	3	6	1	.	.	C	1394	
60	5	20	3	4	4	M	M	C	578	
60	5	21	3	5	5	,	,	C	530	
60	5	22	3	4	4	M	M	C	498	
60	5	23	3	6	1	.	.	C	609	
60	5	24	3	3	3	C	C	C	418	
60	5	25	3	3	3	C	C	C	498	
60	5	26	3	5	5	,	,	C	482	
60	5	27	3	1	2	Z	Z	C	498	
60	5	28	3	4	4	M	M	C	658	
60	5	29	3	4	4	M	M	C	574	
60	5	30	3	6	1	.	.	C	546	
60	5	31	3	2	6	X	X	C	754	
60	5	32	3	1	2	Z	Z	C	578	
60	5	33	3	1	2	Z	Z	C	1666	
60	5	34	3	6	1	.	.	C	546	
60	5	35	3	5	5	,	,	C	562	
60	5	36	3	2	6	X	X	C	370	
60	5	37	3	2	6	X	X	C	434	
60	5	38	3	3	3	C	C	C	802	
60	5	39	3	1	2	Z	Z	C	434	
60	5	40	3	6	1	.	.	C	978	
60	5	41	3	3	3	C	C	C	750	
60	5	42	3	1	2	Z	Z	C	498	
60	5	43	3	1	2	Z	Z	C	1074	
60	5	44	3	3	3	C	C	C	610	
60	5	45	3	5	5	,	,	C	622	
60	5	46	3	4	4	M	M	C	914	
60	5	47	3	5	5	,	,	C	722	
60	5	48	3	4	4	M	M	C	1041	
60	5	49	3	6	1	.	.	C	1042	
60	5	50	3	1	2	Z	Z	C	530	
60	6	1	3	2	6	X	X	C	378	
60	6	2	3	4	4	M	M	C	529	
60	6	3	3	5	5	,	,	C	530	
60	6	4	3	3	3	C	C	C	514	
60	6	5	3	3	3	C	C	C	386	
60	6	6	3	4	4	M	M	C	770	
60	6	7	3	2	6	X	X	C	914	
60	6	8	3	3	3	C	C	C	654	
60	6	9	3	4	4	M	M	C	1682	
60	6	10	3	5	5	,	,	C	594	
60	6	11	3	4	4	M	M	C	577	
60	6	12	3	1	2	Z	Z	C	530	
60	6	13	3	6	1	.	.	C	910	
60	6	14	3	1	2	Z	Z	C	546	
60	6	15	3	5	5	,	,	C	594	
60	6	16	3	2	6	X	X	C	466	
60	6	17	3	5	5	,	,	C	546	
60	6	18	3	2	6	X	X	C	850	
60	6	19	3	2	6	X	X	C	546	
60	6	20	3	4	4	M	M	C	658	
60	6	21	3	2	6	X	X	C	577	
60	6	22	3	1	2	Z	Z	C	1298	
60	6	23	3	6	1	.	.	C	850	
60	6	24	3	1	2	Z	Z	C	498	
60	6	25	3	3	3	C	C	C	642	
60	6	26	3	4	4	M	M	C	626	
60	6	27	3	2	6	X	X	C	786	
60	6	28	3	1	2	Z	Z	C	626	
60	6	29	3	4	4	X	M	I	706	
60	6	30	3	6	1	.	.	C	814	
60	6	31	3	5	5	,	,	C	594	
60	6	32	3	5	5	,	,	C	1330	
60	6	33	3	2	6	X	X	C	866	
60	6	34	3	3	3	C	C	C	1150	
60	6	35	3	6	1	.	.	C	962	
60	6	36	3	1	2	Z	Z	C	466	
60	6	37	3	2	6	X	X	C	625	
60	6	38	3	2	6	X	X	C	482	
60	6	39	3	5	5	,	,	C	542	
60	6	40	3	2	6	X	X	C	530	
60	6	41	3	5	5	,	,	C	1150	
60	6	42	3	2	6	X	X	C	898	
60	6	43	3	1	2	Z	Z	C	542	
60	6	44	3	3	3	C	C	C	622	
60	6	45	3	3	3	C	C	C	562	
60	6	46	3	5	5	,	,	C	818	
60	6	47	3	4	4	M	M	C	993	
60	6	48	3	1	2	Z	Z	C	530	
60	6	49	3	1	2	Z	Z	C	434	
60	6	50	3	1	2	Z	Z	C	722	
60	7	1	3	4	4	M	M	C	954	
60	7	2	3	6	1	.	.	C	642	
60	7	3	3	5	5	,	,	C	546	
60	7	4	3	2	6	X	X	C	526	
60	7	5	3	4	4	M	M	C	770	
60	7	6	3	6	1	.	.	C	626	
60	7	7	3	2	6	X	X	C	801	
60	7	8	3	6	1	.	.	C	498	
60	7	9	3	1	2	Z	Z	C	514	
60	7	10	3	5	5	,	,	C	578	
60	7	11	3	4	4	M	M	C	782	
60	7	12	3	1	2	Z	Z	C	542	
60	7	13	3	6	1	.	.	C	562	
60	7	14	3	6	1	.	.	C	466	
60	7	15	3	5	5	,	,	C	498	
60	7	16	3	3	3	C	C	C	562	
60	7	17	3	5	5	,	,	C	738	
60	7	18	3	6	1	.	.	C	594	
60	7	19	3	3	3	C	C	C	530	
60	7	20	3	3	3	C	C	C	514	
60	7	21	3	6	1	.	.	C	770	
60	7	22	3	3	3	C	C	C	1086	
60	7	23	3	5	5	,	,	C	674	
60	7	24	3	2	6	X	X	C	642	
60	7	25	3	6	1	.	.	C	914	
60	7	26	3	4	4	M	M	C	721	
60	7	27	3	3	3	C	C	C	578	
60	7	28	3	1	2	Z	Z	C	946	
60	7	29	3	5	5	,	,	C	930	
60	7	30	3	3	3	C	C	C	802	
60	7	31	3	3	3	C	C	C	450	
60	7	32	3	4	4	M	M	C	814	
60	7	33	3	5	5	,	,	C	1504	
60	7	34	3	5	5	,	,	C	466	
60	7	35	3	2	6	X	X	C	642	
60	7	36	3	3	3	C	C	C	593	
60	7	37	3	1	2	Z	Z	C	1330	
60	7	38	3	5	5	,	,	C	562	
60	7	39	3	2	6	X	X	C	850	
60	7	40	3	4	4	M	M	C	642	
60	7	41	3	5	5	,	,	C	594	
60	7	42	3	2	6	X	X	C	482	
60	7	43	3	3	3	C	C	C	658	
60	7	44	3	6	1	.	.	C	658	
60	7	45	3	2	6	X	X	C	466	
60	7	46	3	6	1	.	.	C	751	
60	7	47	3	2	6	X	X	C	722	
60	7	48	3	2	6	X	X	C	482	
60	7	49	3	5	5	,	,	C	594	
60	7	50	3	6	1	.	.	C	722	
60	8	1	3	4	4	M	M	C	954	
60	8	2	3	2	6	X	X	C	1153	
60	8	3	3	4	4	M	M	C	480	
60	8	4	3	4	4	M	M	C	514	
60	8	5	3	6	1	.	.	C	482	
60	8	6	3	5	5	,	,	C	558	
60	8	7	3	2	6	X	X	C	655	
60	8	8	3	3	3	C	C	C	562	
60	8	9	3	4	4	M	M	C	850	
60	8	10	3	1	2	Z	Z	C	498	
60	8	11	3	6	1	.	.	C	690	
60	8	12	3	6	1	.	.	C	626	
60	8	13	3	3	3	C	C	C	578	
60	8	14	3	1	2	Z	Z	C	466	
60	8	15	3	2	6	X	X	C	417	
60	8	16	3	2	6	X	X	C	338	
60	8	17	3	3	3	C	C	C	354	
60	8	18	3	5	5	,	,	C	914	
60	8	19	3	5	5	,	,	C	526	
60	8	20	3	6	1	.	.	C	562	
60	8	21	3	2	6	X	X	C	546	
60	8	22	3	2	6	X	X	C	594	
60	8	23	3	5	5	,	,	C	674	
60	8	24	3	2	6	X	X	C	802	
60	8	25	3	5	5	,	,	C	942	
60	8	26	3	3	3	C	C	C	613	
60	8	27	3	4	4	X	M	I	561	
60	8	28	3	1	2	Z	Z	C	642	
60	8	29	3	4	4	M	M	C	722	
60	8	30	3	2	6	X	X	C	594	
60	8	31	3	1	2	Z	Z	C	549	
60	8	32	3	5	5	,	,	C	597	
60	8	33	3	1	2	Z	Z	C	546	
60	8	34	3	4	4	M	M	C	366	
60	8	35	3	4	4	M	M	C	1026	
60	8	36	3	4	4	M	M	C	418	
60	8	37	3	1	2	Z	Z	C	514	
60	8	38	3	6	1	.	.	C	574	
60	8	39	3	3	3	C	C	C	562	
60	8	40	3	5	5	,	,	C	526	
60	8	41	3	4	4	M	M	C	642	
60	8	42	3	5	5	,	,	C	530	
60	8	43	3	2	6	X	X	C	772	
60	8	44	3	3	3	C	C	C	562	
60	8	45	3	5	5	,	,	C	608	
60	8	46	3	6	1	.	.	C	738	
60	8	47	3	2	6	X	X	C	514	
60	8	48	3	1	2	Z	Z	C	446	
60	8	49	3	1	2	Z	Z	C	658	
60	8	50	3	2	6	X	X	C	1294	
60	9	1	3	2	6	X	X	C	660	
60	9	2	3	6	1	.	.	C	913	
60	9	3	3	3	3	C	C	C	1058	
60	9	4	3	3	3	C	C	C	446	
60	9	5	3	2	6	X	X	C	545	
60	9	6	3	4	4	M	M	C	353	
60	9	7	3	3	3	C	C	C	546	
60	9	8	3	5	5	,	,	C	578	
60	9	9	3	6	1	.	.	C	850	
60	9	10	3	3	3	C	C	C	546	
60	9	11	3	1	2	Z	Z	C	498	
60	9	12	3	6	1	.	.	C	686	
60	9	13	3	2	6	X	X	C	610	
60	9	14	3	2	6	X	X	C	498	
60	9	15	3	6	1	.	.	C	546	
60	9	16	3	5	5	,	,	C	882	
60	9	17	3	6	1	.	.	C	754	
60	9	18	3	6	1	.	.	C	718	
60	9	19	3	4	4	M	M	C	773	
60	9	20	3	2	6	X	X	C	802	
60	9	21	3	6	1	.	.	C	642	
60	9	22	3	3	3	C	C	C	578	
60	9	23	3	1	2	Z	Z	C	562	
60	9	24	3	3	3	C	C	C	498	
60	9	25	3	3	3	C	C	C	530	
60	9	26	3	4	4	M	M	C	978	
60	9	27	3	1	2	Z	Z	C	510	
60	9	28	3	1	2	Z	Z	C	562	
60	9	29	3	3	3	C	C	C	610	
60	9	30	3	6	1	.	.	C	658	
60	9	31	3	5	5	,	,	C	610	
60	9	32	3	6	1	.	.	C	690	
60	9	33	3	3	3	C	C	C	498	
60	9	34	3	5	5	,	,	C	542	
60	9	35	3	1	2	Z	Z	C	546	
60	9	36	3	5	5	,	,	C	914	
60	9	37	3	6	1	.	.	C	661	
60	9	38	3	1	2	Z	Z	C	546	
60	9	39	3	5	5	,	,	C	1182	
60	9	40	3	5	5	,	,	C	994	
60	9	41	3	1	2	Z	Z	C	562	
60	9	42	3	4	4	M	M	C	798	
60	9	43	3	1	2	Z	Z	C	530	
60	9	44	3	1	2	Z	Z	C	658	
60	9	45	3	5	5	,	,	C	878	
60	9	46	3	2	6	X	X	C	558	
60	9	47	3	4	4	M	M	C	977	
60	9	48	3	3	3	C	C	C	565	
60	9	49	3	4	4	M	M	C	962	
60	9	50	3	6	1	.	.	C	1154	
60	10	1	3	4	4	M	M	C	807	
60	10	2	3	4	4	M	M	C	417	
60	10	3	3	2	6	X	X	C	850	
60	10	4	3	1	2	Z	Z	C	494	
60	10	5	3	5	5	,	,	C	558	
60	10	6	3	5	5	,	,	C	418	
60	10	7	3	2	6	X	X	C	626	
60	10	8	3	3	3	C	C	C	594	
60	10	9	3	1	2	Z	Z	C	514	
60	10	10	3	4	4	M	M	C	1026	
60	10	11	3	1	2	Z	Z	C	498	
60	10	12	3	4	4	M	M	C	638	
60	10	13	3	1	2	Z	Z	C	382	
60	10	14	3	5	5	,	,	C	562	
60	10	15	3	3	3	C	C	C	530	
60	10	16	3	6	1	.	.	C	498	
60	10	17	3	2	6	X	X	C	898	
60	10	18	3	5	5	,	,	C	386	
60	10	19	3	6	1	.	.	C	622	
60	10	20	3	4	4	M	M	C	609	
60	10	21	3	4	4	M	M	C	418	
60	10	22	3	5	5	,	,	C	498	
60	10	23	3	1	2	Z	Z	C	498	
60	10	24	3	4	4	,	M	I	542	
60	10	25	3	3	3	C	C	C	814	
60	10	26	3	1	2	Z	Z	C	482	
60	10	27	3	5	5	,	,	C	546	
60	10	28	3	4	4	X	M	I	481	
60	10	29	3	5	5	,	,	C	1969	
60	10	30	3	6	1	.	.	C	738	
60	10	31	3	2	6	X	X	C	1070	
60	10	32	3	5	5	,	,	C	754	
60	10	33	3	2	6	X	X	C	562	
60	10	34	3	2	6	X	X	C	466	
60	10	35	3	4	4	M	M	C	674	
60	10	36	3	4	4	M	M	C	450	
60	10	37	3	1	2	Z	Z	C	514	
60	10	38	3	6	1	.	.	C	658	
60	10	39	3	6	1	.	.	C	1602	
60	10	40	3	3	3	C	C	C	722	
60	10	41	3	2	6	X	X	C	642	
60	10	42	3	3	3	C	C	C	1026	
60	10	43	3	4	4	M	M	C	721	
60	10	44	3	6	1	.	.	C	530	
60	10	45	3	5	5	,	,	C	1250	
60	10	46	3	5	5	,	,	C	738	
60	10	47	3	5	5	,	,	C	834	
60	10	48	3	4	4	M	M	C	642	
60	10	49	3	1	2	Z	Z	C	530	
60	10	50	3	5	5	,	,	C	962	
60	11	1	3	6	1	.	.	C	1003	
60	11	2	3	5	5	,	,	C	673	
60	11	3	3	4	4	M	M	C	670	
60	11	4	3	3	3	C	C	C	558	
60	11	5	3	5	5	,	,	C	578	
60	11	6	3	5	5	,	,	C	642	
60	11	7	3	2	6	X	X	C	639	
60	11	8	3	3	3	C	C	C	610	
60	11	9	3	1	2	Z	Z	C	418	
60	11	10	3	6	1	.	.	C	478	
60	11	11	3	2	6	X	X	C	530	
60	11	12	3	1	2	Z	Z	C	450	
60	11	13	3	6	1	.	.	C	546	
60	11	14	3	5	5	,	,	C	578	
60	11	15	3	4	4	M	M	C	962	
60	11	16	3	6	1	.	.	C	529	
60	11	17	3	4	4	M	M	C	850	
60	11	18	3	4	4	M	M	C	498	
60	11	19	3	1	2	Z	Z	C	530	
60	11	20	3	1	2	Z	Z	C	498	
60	11	21	3	2	6	X	X	C	706	
60	11	22	3	5	5	,	,	C	642	
60	11	23	3	4	4	M	M	C	645	
60	11	24	3	5	5	,	,	C	706	
60	11	25	3	2	6	X	X	C	914	
60	11	26	3	4	4	M	M	C	882	
60	11	27	3	3	3	C	C	C	706	
60	11	28	3	1	2	Z	Z	C	494	
60	11	29	3	5	5	,	,	C	661	
60	11	30	3	1	2	Z	Z	C	530	
60	11	31	3	5	5	,	,	C	818	
60	11	32	3	3	3	C	C	C	1134	
60	11	33	3	1	2	Z	Z	C	565	
60	11	34	3	3	3	C	C	C	722	
60	11	35	3	2	6	X	X	C	658	
60	11	36	3	1	2	Z	Z	C	498	
60	11	37	3	6	1	.	.	C	1359	
60	11	38	3	3	3	C	C	C	514	
60	11	39	3	6	1	.	.	C	485	
60	11	40	3	5	5	,	,	C	562	
60	11	41	3	5	5	,	,	C	1106	
60	11	42	3	6	1	.	.	C	478	
60	11	43	3	3	3	C	C	C	562	
60	11	44	3	6	1	.	.	C	738	
60	11	45	3	4	4	M	M	C	802	
60	11	46	3	2	6	X	X	C	562	
60	11	47	3	6	1	.	.	C	562	
60	11	48	3	6	1	.	.	C	402	
60	11	49	3	4	4	M	M	C	613	
60	11	50	3	1	2	Z	Z	C	562	
60	12	1	3	1	2	Z	Z	C	555	
60	12	2	3	1	2	Z	Z	C	466	
60	12	3	3	2	6	X	X	C	546	
60	12	4	3	4	4	M	M	C	722	
60	12	5	3	1	2	Z	Z	C	482	
60	12	6	3	3	3	C	C	C	786	
60	12	7	3	5	5	,	,	C	818	
60	12	8	3	3	3	C	C	C	562	
60	12	9	3	5	5	,	,	C	754	
60	12	10	3	5	5	,	,	C	370	
60	12	11	3	1	2	Z	Z	C	482	
60	12	12	3	4	4	M	M	C	769	
60	12	13	3	4	4	M	M	C	446	
60	12	14	3	3	3	C	C	C	498	
60	12	15	3	6	1	.	.	C	530	
60	12	16	3	2	6	X	X	C	386	
60	12	17	3	3	3	C	C	C	546	
60	12	18	3	5	5	,	,	C	850	
60	12	19	3	5	5	,	,	C	734	
60	12	20	3	6	1	.	.	C	1410	
60	12	21	3	4	4	M	M	C	527	
60	12	22	3	4	4	M	M	C	946	
60	12	23	3	2	6	X	X	C	354	
60	12	24	3	5	5	,	,	C	578	
60	12	25	3	1	2	Z	Z	C	466	
60	12	26	3	5	5	,	,	C	546	
60	12	27	3	1	2	Z	Z	C	501	
60	12	28	3	3	3	C	C	C	562	
60	12	29	3	3	3	C	C	C	546	
60	12	30	3	5	5	,	,	C	498	
60	12	31	3	6	1	.	.	C	622	
60	12	32	3	4	4	M	M	C	530	
60	12	33	3	6	1	.	.	C	498	
60	12	34	3	6	1	.	.	C	718	
60	12	35	3	3	3	C	C	C	514	
60	12	36	3	3	3	C	C	C	594	
60	12	37	3	3	3	C	C	C	386	
60	12	38	3	5	5	,	,	C	722	
60	12	39	3	2	6	X	X	C	613	
60	12	40	3	3	3	C	C	C	561	
60	12	41	3	3	3	C	C	C	386	
60	12	42	3	4	4	M	M	C	834	
60	12	43	3	5	5	,	,	C	946	
60	12	44	3	3	3	C	C	C	578	
60	12	45	3	3	3	C	C	C	994	
60	12	46	3	1	2	Z	Z	C	606	
60	12	47	3	5	5	,	,	C	578	
60	12	48	3	2	6	X	X	C	562	
60	12	49	3	5	5	,	,	C	978	
60	12	50	3	2	6	X	X	C	514	
60	13	1	3	5	5	,	,	C	730	
60	13	2	3	3	3	C	C	C	510	
60	13	3	3	3	3	C	C	C	434	
60	13	4	3	2	6	X	X	C	626	
60	13	5	3	1	2	Z	Z	C	482	
60	13	6	3	5	5	,	,	C	622	
60	13	7	3	6	1	.	.	C	558	
60	13	8	3	2	6	X	X	C	478	
60	13	9	3	3	3	C	C	C	1074	
60	13	10	3	4	4	M	M	C	1009	
60	13	11	3	1	2	Z	Z	C	494	
60	13	12	3	2	6	Z	X	I	478	
60	13	13	3	6	1	.	.	C	542	
60	13	14	3	1	2	Z	Z	C	498	
60	13	15	3	1	2	Z	Z	C	562	
60	13	16	3	6	1	.	.	C	818	
60	13	17	3	1	2	Z	Z	C	506	
60	13	18	3	3	3	C	C	C	594	
60	13	19	3	2	6	X	X	C	898	
60	13	20	3	2	6	X	X	C	434	
60	13	21	3	3	3	C	C	C	1282	
60	13	22	3	1	2	Z	Z	C	866	
60	13	23	3	1	2	Z	Z	C	430	
60	13	24	3	6	1	.	.	C	577	
60	13	25	3	4	4	M	M	C	814	
60	13	26	3	6	1	.	.	C	498	
60	13	27	3	5	5	,	,	C	594	
60	13	28	3	6	1	.	.	C	1282	
60	13	29	3	1	2	Z	Z	C	530	
60	13	30	3	1	2	Z	Z	C	386	
60	13	31	3	6	1	.	.	C	546	
60	13	32	3	5	5	,	,	C	514	
60	13	33	3	2	6	X	X	C	322	
60	13	34	3	3	3	C	C	C	450	
60	13	35	3	3	3	C	C	C	386	
60	13	36	3	4	4	X	M	I	549	
60	13	37	3	5	5	,	,	C	562	
60	13	38	3	6	1	.	.	C	657	
60	13	39	3	3	3	C	C	C	562	
60	13	40	3	5	5	,	,	C	562	
60	13	41	3	2	6	X	X	C	370	
60	13	42	3	6	1	.	.	C	1233	
60	13	43	3	1	2	Z	Z	C	610	
60	13	44	3	5	5	,	,	C	544	
60	13	45	3	1	2	Z	Z	C	514	
60	13	46	3	3	3	C	C	C	594	
60	13	47	3	3	3	C	C	C	626	
60	13	48	3	5	5	,	,	C	834	
60	13	49	3	1	2	Z	Z	C	562	
60	13	50	3	1	2	Z	Z	C	690	
60	14	1	3	6	1	.	.	C	839	
60	14	2	3	4	4	M	M	C	770	
60	14	3	3	2	6	X	X	C	338	
60	14	4	3	2	6	X	X	C	529	
60	14	5	3	2	6	X	X	C	322	
60	14	6	3	4	4	M	M	C	542	
60	14	7	3	4	4	M	M	C	818	
60	14	8	3	3	3	C	C	C	594	
60	14	9	3	3	3	C	C	C	514	
60	14	10	3	4	4	M	M	C	734	
60	14	11	3	2	6	X	X	C	306	
60	14	12	3	3	3	C	C	C	641	
60	14	13	3	2	6	X	X	C	558	
60	14	14	3	2	6	X	X	C	386	
60	14	15	3	6	1	.	.	C	850	
60	14	16	3	5	5	,	,	C	530	
60	14	17	3	5	5	,	,	C	562	
60	14	18	3	6	1	.	.	C	530	
60	14	19	3	3	3	C	C	C	546	
60	14	20	3	1	2	Z	Z	C	562	
60	14	21	3	3	3	C	C	C	542	
60	14	22	3	1	2	Z	Z	C	498	
60	14	23	3	5	5	,	,	C	626	
60	14	24	3	6	1	.	.	C	594	
60	14	25	3	5	5	,	,	C	910	
60	14	26	3	5	5	,	,	C	594	
60	14	27	3	6	1	.	.	C	661	
60	14	28	3	1	2	Z	Z	C	514	
60	14	29	3	3	3	C	C	C	766	
60	14	30	3	5	5	,	,	C	674	
60	14	31	3	1	2	Z	Z	C	562	
60	14	32	3	2	6	X	X	C	914	
60	14	33	3	3	3	C	C	C	610	
60	14	34	3	2	6	X	X	C	558	
60	14	35	3	4	4	M	M	C	993	
60	14	36	3	5	5	,	,	C	782	
60	14	37	3	6	1	.	.	C	562	
60	14	38	3	4	4	M	M	C	738	
60	14	39	3	4	4	M	M	C	450	
60	14	40	3	6	1	.	.	C	491	
60	14	41	3	5	5	,	,	C	770	
60	14	42	3	4	4	M	M	C	577	
60	14	43	3	6	1	.	.	C	475	
60	14	44	3	2	6	X	X	C	834	
60	14	45	3	6	1	.	.	C	866	
60	14	46	3	5	5	,	,	C	658	
60	14	47	3	4	4	M	M	C	642	
60	14	48	3	2	6	X	X	C	962	
60	14	49	3	5	5	,	,	C	610	
60	14	50	3	5	5	,	,	C	514	
60	15	1	3	4	4	M	M	C	826	
60	15	2	3	6	1	.	.	C	513	
60	15	3	3	4	4	M	M	C	495	
60	15	4	3	3	3	C	C	C	578	
60	15	5	3	5	5	,	,	C	594	
60	15	6	3	5	5	.	,	I	629	
60	15	7	3	2	6	X	X	C	594	
60	15	8	3	6	1	.	.	C	588	
60	15	9	3	5	5	,	,	C	594	
60	15	10	3	2	6	X	X	C	562	
60	15	11	3	6	1	.	.	C	626	
60	15	12	3	4	4	M	M	C	850	
60	15	13	3	2	6	X	X	C	801	
60	15	14	3	4	4	M	M	C	562	
60	15	15	3	2	6	X	X	C	1042	
60	15	16	3	5	5	,	,	C	594	
60	15	17	3	4	4	M	M	C	718	
60	15	18	3	3	3	C	C	C	610	
60	15	19	3	2	6	X	X	C	926	
60	15	20	3	1	2	Z	Z	C	514	
60	15	21	3	3	3	C	C	C	386	
60	15	22	3	1	2	Z	Z	C	562	
60	15	23	3	1	2	Z	Z	C	546	
60	15	24	3	3	3	C	C	C	834	
60	15	25	3	1	2	Z	Z	C	642	
60	15	26	3	2	6	X	X	C	594	
60	15	27	3	1	2	Z	Z	C	559	
60	15	28	3	3	3	C	C	C	770	
60	15	29	3	3	3	C	C	C	530	
60	15	30	3	5	5	,	,	C	786	
60	15	31	3	3	3	C	C	C	626	
60	15	32	3	5	5	,	,	C	1282	
60	15	33	3	5	5	,	,	C	898	
60	15	34	3	3	3	C	C	C	818	
60	15	35	3	4	4	M	M	C	1041	
60	15	36	3	4	4	M	M	C	545	
60	15	37	3	1	2	Z	Z	C	722	
60	15	38	3	5	5	,	,	C	898	
60	15	39	3	3	3	C	C	C	590	
60	15	40	3	4	4	M	M	C	785	
60	15	41	3	1	2	Z	Z	C	654	
60	15	42	3	2	6	X	X	C	837	
60	15	43	3	3	3	C	C	C	738	
60	15	44	3	5	5	,	,	C	770	
60	15	45	3	3	3	C	C	C	866	
60	15	46	3	2	6	X	X	C	978	
60	15	47	3	2	6	X	X	C	510	
60	15	48	3	4	4	M	M	C	690	
60	15	49	3	4	4	M	M	C	846	
60	15	50	3	6	1	.	.	C	674	
