12	1	1	3	3	4	1	1	1	2629	
12	1	2	3	6	5	999	999	1	1457	
12	1	3	3	3	4	1	1	1	770	
12	1	4	3	6	5	999	999	1	1154	
12	1	5	3	2	2	999	999	1	1330	
12	1	6	3	2	2	999	999	1	594	
12	1	7	3	3	4	1	1	1	737	
12	1	8	3	4	6	999	999	0	673	
12	1	9	3	1	1	999	999	1	1027	
12	1	10	3	3	4	1	1	1	929	
12	1	11	3	1	1	999	999	1	690	
12	1	12	3	5	3	999	999	1	1250	
12	1	13	3	5	3	999	999	1	722	
12	1	14	3	2	2	999	999	1	765	
12	1	15	3	2	2	999	999	1	482	
12	1	16	3	5	3	999	999	1	782	
12	1	17	3	3	4	1	1	1	770	
12	1	18	3	2	2	999	999	1	850	
12	1	19	3	1	1	999	999	1	626	
12	1	20	3	1	1	999	999	1	577	
12	1	21	3	2	2	999	999	1	674	
12	1	22	3	3	4	1	1	1	722	
12	1	23	3	4	6	999	999	0	802	
12	1	24	3	6	5	999	999	1	1086	
12	1	25	3	5	3	999	999	1	894	
12	1	26	3	6	5	999	999	1	814	
12	1	27	3	2	2	999	999	1	898	
12	1	28	3	1	1	999	999	1	797	
12	1	29	3	6	5	999	999	1	658	
12	1	30	3	2	2	999	999	1	770	
12	1	31	3	4	6	999	999	1	1026	
12	1	32	3	2	2	999	999	1	866	
12	1	33	3	1	1	999	999	1	914	
12	1	34	3	6	5	999	999	1	671	
12	1	35	3	5	3	999	999	1	594	
12	1	36	3	5	3	999	999	1	562	
12	1	37	3	5	3	999	999	1	642	
12	1	38	3	5	3	999	999	1	498	
12	1	39	3	2	2	999	999	1	722	
12	1	40	3	6	5	999	999	1	1314	
12	1	41	3	4	6	999	999	1	642	
12	1	42	3	2	2	999	999	1	594	
12	1	43	3	6	5	999	999	1	658	
12	1	44	3	6	5	999	999	1	466	
12	1	45	3	3	4	1	1	1	594	
12	1	46	3	4	6	999	999	1	514	
12	1	47	3	4	6	999	999	1	466	
12	1	48	3	4	6	999	999	1	530	
12	1	49	3	1	1	999	999	1	834	
12	1	50	3	1	1	999	999	1	558	
12	2	1	3	1	1	999	999	1	682	
12	2	2	3	3	4	1	1	1	721	
12	2	3	3	5	3	999	999	1	578	
12	2	4	3	1	1	999	999	1	1089	
12	2	5	3	5	3	999	999	1	562	
12	2	6	3	4	6	999	999	0	498	
12	2	7	3	2	2	999	999	1	637	
12	2	8	3	1	1	999	999	1	834	
12	2	9	3	1	1	999	999	1	834	
12	2	10	3	1	1	999	999	1	674	
12	2	11	3	6	5	999	999	1	962	
12	2	12	3	6	5	999	999	1	626	
12	2	13	3	3	4	1	1	1	705	
12	2	14	3	6	5	999	999	0	737	
12	2	15	3	1	1	999	999	1	929	
12	2	16	3	1	1	999	999	1	639	
12	2	17	3	4	6	999	999	1	674	
12	2	18	3	5	3	999	999	1	490	
12	2	19	3	1	1	999	999	1	866	
12	2	20	3	4	6	999	999	1	674	
12	2	21	3	2	2	999	999	1	674	
12	2	22	3	4	6	999	999	1	598	
12	2	23	3	5	3	999	999	1	450	
12	2	24	3	2	2	999	999	1	525	
12	2	25	3	4	6	999	999	1	546	
12	2	26	3	1	1	999	999	1	642	
12	2	27	3	3	4	1	1	1	738	
12	2	28	3	1	1	999	999	1	850	
12	2	29	3	3	4	1	1	1	606	
12	2	30	3	1	1	999	999	1	594	
12	2	31	3	2	2	999	999	1	658	
12	2	32	3	3	4	1	1	1	658	
12	2	33	3	3	4	1	1	1	482	
12	2	34	3	4	6	999	999	1	770	
12	2	35	3	5	3	999	999	1	594	
12	2	36	3	6	5	999	999	1	706	
12	2	37	3	2	2	999	999	1	606	
12	2	38	3	3	4	1	1	1	626	
12	2	39	3	3	4	1	1	1	593	
12	2	40	3	3	4	1	1	1	434	
12	2	41	3	3	4	1	1	1	417	
12	2	42	3	3	4	1	1	1	337	
12	2	43	3	2	2	999	999	1	495	
12	2	44	3	2	2	999	999	1	418	
12	2	45	3	3	4	1	1	1	541	
12	2	46	3	5	3	999	999	1	578	
12	2	47	3	6	5	999	999	1	594	
12	2	48	3	3	4	1	1	1	545	
12	2	49	3	5	3	999	999	1	529	
12	2	50	3	3	4	1	1	1	481	
12	3	1	3	2	2	999	999	1	538	
12	3	2	3	5	3	999	999	1	497	
12	3	3	3	5	3	999	999	1	466	
12	3	4	3	3	4	1	1	1	530	
12	3	5	3	4	6	999	999	1	962	
12	3	6	3	5	3	999	999	1	542	
12	3	7	3	6	5	999	999	1	575	
12	3	8	3	5	3	999	999	1	626	
12	3	9	3	2	2	999	999	1	562	
12	3	10	3	4	6	999	999	1	498	
12	3	11	3	3	4	1	1	1	817	
12	3	12	3	1	1	999	999	1	866	
12	3	13	3	5	3	999	999	1	562	
12	3	14	3	5	3	999	999	1	482	
12	3	15	3	2	2	999	999	1	562	
12	3	16	3	3	4	1	1	1	593	
12	3	17	3	2	2	999	999	1	546	
12	3	18	3	6	5	999	999	1	738	
12	3	19	3	5	3	999	999	1	594	
12	3	20	3	3	4	1	1	1	529	
12	3	21	3	1	1	999	999	1	849	
12	3	22	3	3	4	1	1	1	829	
12	3	23	3	1	1	999	999	1	690	
12	3	24	3	3	4	1	1	1	674	
12	3	25	3	5	3	999	999	1	590	
12	3	26	3	6	5	999	999	1	705	
12	3	27	3	4	6	999	999	1	577	
12	3	28	3	3	4	1	1	1	482	
12	3	29	3	5	3	999	999	1	514	
12	3	30	3	2	2	999	999	1	546	
12	3	31	3	5	3	999	999	1	514	
12	3	32	3	3	4	1	1	1	914	
12	3	33	3	6	5	999	999	1	562	
12	3	34	3	5	3	999	999	1	514	
12	3	35	3	5	3	999	999	1	530	
12	3	36	3	3	4	1	1	1	658	
12	3	37	3	6	5	999	999	1	546	
12	3	38	3	1	1	999	999	0	498	
12	3	39	3	4	6	999	999	1	542	
12	3	40	3	3	4	1	1	1	546	
12	3	41	3	1	1	999	999	0	930	
12	3	42	3	6	5	999	999	1	809	
12	3	43	3	2	2	999	999	1	609	
12	3	44	3	5	3	999	999	1	450	
12	3	45	3	5	3	999	999	1	370	
12	3	46	3	2	2	999	999	1	450	
12	3	47	3	1	1	999	999	1	1042	
12	3	48	3	2	2	999	999	1	558	
12	3	49	3	1	1	999	999	1	653	
12	3	50	3	5	3	999	999	1	545	
12	4	1	3	1	1	999	999	1	533	
12	4	2	3	5	3	999	999	1	545	
12	4	3	3	2	2	999	999	1	514	
12	4	4	3	1	1	999	999	1	1649	
12	4	5	3	3	4	1	1	1	881	
12	4	6	3	4	6	999	999	1	626	
12	4	7	3	3	4	1	1	1	653	
12	4	8	3	5	3	999	999	1	558	
12	4	9	3	3	4	1	1	1	638	
12	4	10	3	3	4	1	1	1	418	
12	4	11	3	2	2	999	999	1	514	
12	4	12	3	5	3	999	999	1	514	
12	4	13	3	3	4	1	1	1	593	
12	4	14	3	2	2	999	999	1	482	
12	4	15	3	3	4	1	1	1	498	
12	4	16	3	4	6	999	999	1	546	
12	4	17	3	4	6	999	999	1	466	
12	4	18	3	6	5	999	999	1	498	
12	4	19	3	5	3	999	999	1	498	
12	4	20	3	2	2	999	999	1	722	
12	4	21	3	2	2	999	999	1	498	
12	4	22	3	5	3	999	999	1	578	
12	4	23	3	4	6	999	999	1	706	
12	4	24	3	5	3	999	999	1	626	
12	4	25	3	5	3	999	999	1	414	
12	4	26	3	6	5	999	999	1	514	
12	4	27	3	6	5	999	999	1	493	
12	4	28	3	1	1	999	999	1	1042	
12	4	29	3	4	6	999	999	1	481	
12	4	30	3	5	3	999	999	1	541	
12	4	31	3	3	4	1	1	1	561	
12	4	32	3	2	2	999	999	1	545	
12	4	33	3	4	6	999	999	1	546	
12	4	34	3	3	4	1	1	1	562	
12	4	35	3	6	5	999	999	1	562	
12	4	36	3	1	1	999	999	1	750	
12	4	37	3	5	3	999	999	1	498	
12	4	38	3	5	3	999	999	1	434	
12	4	39	3	1	1	999	999	0	545	
12	4	40	3	4	6	999	999	1	589	
12	4	41	3	4	6	999	999	1	466	
12	4	42	3	4	6	999	999	1	514	
12	4	43	3	4	6	999	999	1	450	
12	4	44	3	4	6	999	999	1	514	
12	4	45	3	1	1	999	999	1	574	
12	4	46	3	3	4	1	1	1	609	
12	4	47	3	1	1	999	999	1	605	
12	4	48	3	6	5	999	999	1	690	
12	4	49	3	1	1	999	999	1	894	
12	4	50	3	4	6	999	999	1	514	
12	5	1	3	5	3	999	999	1	634	
12	5	2	3	5	3	999	999	1	429	
12	5	3	3	3	4	1	1	1	626	
12	5	4	3	1	1	999	999	1	1090	
12	5	5	3	6	5	999	999	1	605	
12	5	6	3	1	1	999	999	1	1106	
12	5	7	3	3	4	1	1	1	578	
12	5	8	3	6	5	999	999	1	658	
12	5	9	3	3	4	1	1	1	625	
12	5	10	3	5	3	999	999	1	609	
12	5	11	3	2	2	999	999	1	578	
12	5	12	3	2	2	999	999	1	498	
12	5	13	3	4	6	999	999	1	626	
12	5	14	3	1	1	999	999	1	530	
12	5	15	3	1	1	999	999	1	530	
12	5	16	3	3	4	1	1	1	561	
12	5	17	3	5	3	999	999	1	498	
12	5	18	3	4	6	999	999	1	525	
12	5	19	3	5	3	999	999	1	514	
12	5	20	3	2	2	999	999	1	544	
12	5	21	3	5	3	999	999	1	562	
12	5	22	3	2	2	999	999	1	530	
12	5	23	3	5	3	999	999	1	402	
12	5	24	3	6	5	999	999	1	754	
12	5	25	3	4	6	999	999	1	498	
12	5	26	3	4	6	999	999	1	482	
12	5	27	3	1	1	999	999	1	562	
12	5	28	3	3	4	1	1	1	609	
12	5	29	3	3	4	1	1	1	450	
12	5	30	3	4	6	999	999	1	1358	
12	5	31	3	1	1	999	999	1	610	
12	5	32	3	4	6	999	999	1	594	
12	5	33	3	1	1	999	999	1	546	
12	5	34	3	6	5	999	999	1	594	
12	5	35	3	2	2	999	999	1	418	
12	5	36	3	1	1	999	999	0	589	
12	5	37	3	5	3	999	999	1	573	
12	5	38	3	3	4	1	1	1	701	
12	5	39	3	6	5	999	999	1	562	
12	5	40	3	5	3	999	999	1	514	
12	5	41	3	5	3	999	999	1	482	
12	5	42	3	3	4	1	1	1	482	
12	5	43	3	1	1	999	999	1	770	
12	5	44	3	3	4	1	1	1	593	
12	5	45	3	2	2	999	999	1	482	
12	5	46	3	2	2	999	999	1	706	
12	5	47	3	1	1	999	999	0	589	
12	5	48	3	5	3	999	999	1	578	
12	5	49	3	5	3	999	999	1	466	
12	5	50	3	4	6	999	999	1	962	
12	6	1	3	1	1	999	999	1	1030	
12	6	2	3	4	6	999	999	1	577	
12	6	3	3	6	5	999	999	1	562	
12	6	4	3	3	4	1	1	1	546	
12	6	5	3	5	3	999	999	1	498	
12	6	6	3	4	6	999	999	1	461	
12	6	7	3	1	1	999	999	1	450	
12	6	8	3	3	4	1	1	1	610	
12	6	9	3	1	1	999	999	1	749	
12	6	10	3	6	5	999	999	1	606	
12	6	11	3	5	3	999	999	1	534	
12	6	12	3	2	2	999	999	1	530	
12	6	13	3	5	3	999	999	1	541	
12	6	14	3	6	5	999	999	1	610	
12	6	15	3	4	6	999	999	1	721	
12	6	16	3	5	3	999	999	1	498	
12	6	17	3	4	6	999	999	1	578	
12	6	18	3	2	2	999	999	1	466	
12	6	19	3	3	4	1	1	1	546	
12	6	20	3	5	3	999	999	1	430	
12	6	21	3	5	3	999	999	1	434	
12	6	22	3	2	2	999	999	1	594	
12	6	23	3	2	2	999	999	1	450	
12	6	24	3	3	4	1	1	1	465	
12	6	25	3	2	2	1	999	0	498	
12	6	26	3	5	3	999	999	1	797	
12	6	27	3	4	6	999	999	1	610	
12	6	28	3	2	2	999	999	1	589	
12	6	29	3	4	6	999	999	1	626	
12	6	30	3	3	4	1	1	1	637	
12	6	31	3	5	3	999	999	1	514	
12	6	32	3	5	3	999	999	1	450	
12	6	33	3	5	3	999	999	1	577	
12	6	34	3	3	4	1	1	1	561	
12	6	35	3	2	2	999	999	1	546	
12	6	36	3	5	3	999	999	1	514	
12	6	37	3	6	5	999	999	1	658	
12	6	38	3	3	4	1	1	1	525	
12	6	39	3	6	5	999	999	1	578	
12	6	40	3	1	1	999	999	1	754	
12	6	41	3	5	3	999	999	1	633	
12	6	42	3	2	2	999	999	1	578	
12	6	43	3	5	3	999	999	1	626	
12	6	44	3	6	5	999	999	1	562	
12	6	45	3	2	2	999	999	1	610	
12	6	46	3	5	3	999	999	1	562	
12	6	47	3	1	1	999	999	0	589	
12	6	48	3	6	5	999	999	1	610	
12	6	49	3	5	3	999	999	1	610	
12	6	50	3	6	5	999	999	1	594	
12	7	1	3	1	1	999	999	1	822	
12	7	2	3	5	3	999	999	1	573	
12	7	3	3	6	5	999	999	1	614	
12	7	4	3	3	4	1	1	1	514	
12	7	5	3	4	6	999	999	1	594	
12	7	6	3	6	5	999	999	1	561	
12	7	7	3	6	5	999	999	1	530	
12	7	8	3	5	3	999	999	1	610	
12	7	9	3	1	1	999	999	1	946	
12	7	10	3	2	2	999	999	1	509	
12	7	11	3	6	5	999	999	1	594	
12	7	12	3	4	6	999	999	1	610	
12	7	13	3	6	5	999	999	1	605	
12	7	14	3	1	1	999	999	1	898	
12	7	15	3	4	6	999	999	1	594	
12	7	16	3	1	1	999	999	1	498	
12	7	17	3	6	5	999	999	1	610	
12	7	18	3	2	2	999	999	1	546	
12	7	19	3	1	1	999	999	1	733	
12	7	20	3	4	6	999	999	1	514	
12	7	21	3	2	2	999	999	1	818	
12	7	22	3	1	1	999	999	0	530	
12	7	23	3	5	3	999	999	1	1010	
12	7	24	3	1	1	999	999	1	978	
12	7	25	3	3	4	1	1	1	658	
12	7	26	3	2	2	999	999	1	658	
12	7	27	3	6	5	999	999	1	578	
12	7	28	3	6	5	999	999	1	594	
12	7	29	3	3	4	1	1	1	753	
12	7	30	3	3	4	1	1	1	497	
12	7	31	3	1	1	999	999	1	690	
12	7	32	3	1	1	999	999	1	429	
12	7	33	3	3	4	1	1	1	578	
12	7	34	3	2	2	999	999	1	546	
12	7	35	3	6	5	999	999	1	658	
12	7	36	3	4	6	999	999	1	594	
12	7	37	3	5	3	999	999	1	610	
12	7	38	3	2	2	999	999	1	1058	
12	7	39	3	3	4	1	1	1	545	
12	7	40	3	6	5	999	999	1	466	
12	7	41	3	1	1	999	999	1	578	
12	7	42	3	4	6	999	999	1	546	
12	7	43	3	6	5	999	999	1	594	
12	7	44	3	1	1	999	999	1	658	
12	7	45	3	6	5	999	999	1	946	
12	7	46	3	1	1	999	999	1	802	
12	7	47	3	2	2	999	999	1	546	
12	7	48	3	3	4	1	1	1	530	
12	7	49	3	2	2	999	999	1	1250	
12	7	50	3	5	3	999	999	1	418	
12	8	1	3	6	5	999	999	1	586	
12	8	2	3	1	1	999	999	1	737	
12	8	3	3	5	3	999	999	1	530	
12	8	4	3	3	4	1	1	1	542	
12	8	5	3	5	3	999	999	1	466	
12	8	6	3	5	3	999	999	1	546	
12	8	7	3	3	4	1	1	1	578	
12	8	8	3	6	5	999	999	1	530	
12	8	9	3	4	6	999	999	1	577	
12	8	10	3	4	6	999	999	1	450	
12	8	11	3	5	3	999	999	1	482	
12	8	12	3	4	6	999	999	1	450	
12	8	13	3	4	6	999	999	1	482	
12	8	14	3	6	5	999	999	1	562	
12	8	15	3	5	3	999	999	1	498	
12	8	16	3	1	1	999	999	1	834	
12	8	17	3	2	2	999	999	1	514	
12	8	18	3	3	4	1	1	1	593	
12	8	19	3	4	6	999	999	1	609	
12	8	20	3	5	3	999	999	1	434	
12	8	21	3	4	6	999	999	1	530	
12	8	22	3	6	5	999	999	1	514	
12	8	23	3	1	1	999	999	1	674	
12	8	24	3	2	2	999	999	1	530	
12	8	25	3	1	1	999	999	0	738	
12	8	26	3	1	1	999	999	1	865	
12	8	27	3	5	3	999	999	1	495	
12	8	28	3	5	3	999	999	1	477	
12	8	29	3	4	6	999	999	1	578	
12	8	30	3	4	6	999	999	1	482	
12	8	31	3	6	5	999	999	1	514	
12	8	32	3	5	3	999	999	1	541	
12	8	33	3	1	1	999	999	1	754	
12	8	34	3	6	5	999	999	1	577	
12	8	35	3	3	4	1	1	1	657	
12	8	36	3	4	6	999	999	1	578	
12	8	37	3	4	6	999	999	1	418	
12	8	38	3	1	1	999	999	1	593	
12	8	39	3	1	1	999	999	1	418	
12	8	40	3	6	5	999	999	1	530	
12	8	41	3	5	3	999	999	1	498	
12	8	42	3	5	3	999	999	1	354	
12	8	43	3	5	3	999	999	1	381	
12	8	44	3	5	3	999	999	1	418	
12	8	45	3	2	2	999	999	1	466	
12	8	46	3	6	5	999	999	1	482	
12	8	47	3	4	6	999	999	1	482	
12	8	48	3	5	3	999	999	1	434	
12	8	49	3	5	3	999	999	1	401	
12	8	50	3	2	2	999	999	1	482	
12	9	1	3	1	1	999	999	1	1014	
12	9	2	3	5	3	999	999	1	577	
12	9	3	3	5	3	999	999	1	402	
12	9	4	3	2	2	999	999	1	498	
12	9	5	3	4	6	999	999	1	605	
12	9	6	3	2	2	999	999	1	514	
12	9	7	3	2	2	999	999	1	545	
12	9	8	3	5	3	999	999	1	493	
12	9	9	3	2	2	999	999	1	514	
12	9	10	3	4	6	999	999	1	482	
12	9	11	3	5	3	999	999	1	381	
12	9	12	3	3	4	999	1	0	450	
12	9	13	3	1	1	999	999	1	765	
12	9	14	3	2	2	999	999	1	529	
12	9	15	3	1	1	999	999	1	929	
12	9	16	3	2	2	999	999	1	706	
12	9	17	3	1	1	999	999	1	706	
12	9	18	3	6	5	999	999	1	594	
12	9	19	3	3	4	1	1	1	610	
12	9	20	3	4	6	999	999	1	594	
12	9	21	3	6	5	999	999	1	482	
12	9	22	3	6	5	999	999	1	477	
12	9	23	3	2	2	999	999	1	497	
12	9	24	3	3	4	1	1	1	530	
12	9	25	3	3	4	1	1	1	418	
12	9	26	3	1	1	999	999	0	610	
12	9	27	3	4	6	999	999	1	882	
12	9	28	3	5	3	999	999	1	530	
12	9	29	3	1	1	999	999	0	509	
12	9	30	3	3	4	1	1	1	737	
12	9	31	3	1	1	999	999	0	722	
12	9	32	3	6	5	999	999	1	669	
12	9	33	3	1	1	999	999	1	1026	
12	9	34	3	3	4	1	1	1	594	
12	9	35	3	1	1	999	999	1	690	
12	9	36	3	3	4	1	1	1	626	
12	9	37	3	5	3	999	999	1	594	
12	9	38	3	6	5	999	999	1	594	
12	9	39	3	6	5	999	999	1	530	
12	9	40	3	5	3	999	999	1	610	
12	9	41	3	2	2	999	999	1	626	
12	9	42	3	6	5	999	999	1	674	
12	9	43	3	1	1	999	999	1	658	
12	9	44	3	2	2	999	999	1	482	
12	9	45	3	3	4	1	1	1	770	
12	9	46	3	6	5	999	999	1	610	
12	9	47	3	5	3	999	999	1	514	
12	9	48	3	6	5	999	999	1	530	
12	9	49	3	5	3	999	999	1	498	
12	9	50	3	4	6	999	999	1	626	
12	10	1	3	4	6	999	999	1	426	
12	10	2	3	4	6	999	999	1	466	
12	10	3	3	1	1	999	999	1	754	
12	10	4	3	4	6	999	999	1	509	
12	10	5	3	4	6	999	999	1	498	
12	10	6	3	5	3	999	999	1	498	
12	10	7	3	5	3	999	999	1	429	
12	10	8	3	1	1	999	999	1	722	
12	10	9	3	3	4	1	1	1	610	
12	10	10	3	1	1	999	999	1	738	
12	10	11	3	6	5	999	999	1	594	
12	10	12	3	4	6	999	999	1	541	
12	10	13	3	5	3	999	999	1	498	
12	10	14	3	4	6	999	999	1	589	
12	10	15	3	3	4	1	1	1	626	
12	10	16	3	1	1	999	999	1	557	
12	10	17	3	5	3	999	999	1	450	
12	10	18	3	6	5	999	999	1	514	
12	10	19	3	1	1	999	999	1	845	
12	10	20	3	3	4	1	1	1	642	
12	10	21	3	5	3	999	999	1	550	
12	10	22	3	4	6	999	999	1	1026	
12	10	23	3	6	5	999	999	1	578	
12	10	24	3	6	5	999	999	1	578	
12	10	25	3	4	6	999	999	1	546	
12	10	26	3	5	3	999	999	1	534	
12	10	27	3	1	1	999	999	1	801	
12	10	28	3	4	6	999	999	1	546	
12	10	29	3	5	3	999	999	1	530	
12	10	30	3	1	1	999	999	1	722	
12	10	31	3	3	4	1	1	1	594	
12	10	32	3	5	3	999	999	1	574	
12	10	33	3	1	1	999	999	1	722	
12	10	34	3	4	6	999	999	1	546	
12	10	35	3	2	2	999	999	1	578	
12	10	36	3	6	5	999	999	1	529	
12	10	37	3	3	4	1	1	1	673	
12	10	38	3	4	6	999	999	1	578	
12	10	39	3	3	4	1	1	1	573	
12	10	40	3	5	3	999	999	1	429	
12	10	41	3	1	1	999	999	1	593	
12	10	42	3	1	1	999	999	1	466	
12	10	43	3	2	2	999	999	1	498	
12	10	44	3	2	2	999	999	1	418	
12	10	45	3	4	6	999	999	1	609	
12	10	46	3	2	2	999	999	1	466	
12	10	47	3	2	2	999	999	1	530	
12	10	48	3	6	5	999	999	1	482	
12	10	49	3	6	5	999	999	1	450	
12	10	50	3	2	2	999	999	1	482	
12	11	1	3	1	1	999	999	1	618	
12	11	2	3	2	2	999	999	1	518	
12	11	3	3	4	6	999	999	1	541	
12	11	4	3	5	3	999	999	1	466	
12	11	5	3	1	1	999	999	1	657	
12	11	6	3	5	3	999	999	1	541	
12	11	7	3	3	4	1	1	1	530	
12	11	8	3	3	4	1	1	1	434	
12	11	9	3	4	6	1	999	0	402	
12	11	10	3	1	1	999	999	1	765	
12	11	11	3	4	6	999	999	1	546	
12	11	12	3	5	3	999	999	1	514	
12	11	13	3	5	3	999	999	1	482	
12	11	14	3	6	5	999	999	1	578	
12	11	15	3	1	1	999	999	1	898	
12	11	16	3	3	4	1	1	1	573	
12	11	17	3	5	3	999	999	1	546	
12	11	18	3	4	6	999	999	1	530	
12	11	19	3	4	6	999	999	1	498	
12	11	20	3	1	1	999	999	1	546	
12	11	21	3	4	6	999	999	1	466	
12	11	22	3	5	3	999	999	1	546	
12	11	23	3	4	6	999	999	1	578	
12	11	24	3	5	3	999	999	1	461	
12	11	25	3	5	3	999	999	0	413	
12	11	26	3	6	5	999	999	1	626	
12	11	27	3	2	2	999	999	1	610	
12	11	28	3	6	5	999	999	1	514	
12	11	29	3	1	1	999	999	1	754	
12	11	30	3	3	4	1	1	1	625	
12	11	31	3	4	6	999	999	1	637	
12	11	32	3	6	5	999	999	1	610	
12	11	33	3	1	1	999	999	1	866	
12	11	34	3	3	4	1	1	1	738	
12	11	35	3	6	5	999	999	1	578	
12	11	36	3	5	3	999	999	1	850	
12	11	37	3	3	4	1	1	1	593	
12	11	38	3	6	5	999	999	1	562	
12	11	39	3	5	3	999	999	1	865	
12	11	40	3	4	6	999	999	1	681	
12	11	41	3	2	2	999	999	1	658	
12	11	42	3	1	1	999	999	1	914	
12	11	43	3	1	1	999	999	1	898	
12	11	44	3	6	5	999	999	1	514	
12	11	45	3	5	3	999	999	1	594	
12	11	46	3	2	2	999	999	1	610	
12	11	47	3	5	3	999	999	1	594	
12	11	48	3	2	2	999	999	1	498	
12	11	49	3	6	5	999	999	1	498	
12	11	50	3	3	4	1	1	1	514	
12	12	1	3	4	6	999	999	1	1205	
12	12	2	3	2	2	999	999	1	513	
12	12	3	3	1	1	999	999	1	706	
12	12	4	3	6	5	999	999	1	498	
12	12	5	3	3	4	1	1	1	610	
12	12	6	3	1	1	999	999	1	637	
12	12	7	3	4	6	999	999	1	557	
12	12	8	3	5	3	999	999	1	482	
12	12	9	3	2	2	999	999	1	785	
12	12	10	3	4	6	999	999	1	509	
12	12	11	3	2	2	999	999	1	381	
12	12	12	3	4	6	999	999	1	546	
12	12	13	3	1	1	999	999	1	546	
12	12	14	3	5	3	999	999	1	493	
12	12	15	3	4	6	999	999	1	530	
12	12	16	3	3	4	1	1	1	529	
12	12	17	3	3	4	1	1	1	498	
12	12	18	3	2	2	999	999	1	498	
12	12	19	3	1	1	999	999	1	706	
12	12	20	3	4	6	999	999	1	578	
12	12	21	3	6	5	999	999	1	578	
12	12	22	3	2	2	999	999	1	598	
12	12	23	3	4	6	999	999	1	594	
12	12	24	3	3	4	1	1	1	594	
12	12	25	3	5	3	999	999	1	1089	
12	12	26	3	4	6	999	999	1	624	
12	12	27	3	3	4	1	1	1	561	
12	12	28	3	6	5	999	999	1	557	
12	12	29	3	2	2	999	999	1	530	
12	12	30	3	6	5	999	999	1	530	
12	12	31	3	1	1	999	999	1	642	
12	12	32	3	1	1	999	999	1	578	
12	12	33	3	1	1	999	999	1	477	
12	12	34	3	1	1	999	999	1	481	
12	12	35	3	4	6	999	999	1	482	
12	12	36	3	6	5	999	999	1	523	
12	12	37	3	2	2	999	999	1	482	
12	12	38	3	1	1	999	999	1	866	
12	12	39	3	2	2	999	999	1	589	
12	12	40	3	1	1	999	999	1	690	
12	12	41	3	2	2	999	999	1	530	
12	12	42	3	3	4	1	1	1	577	
12	12	43	3	3	4	1	1	1	481	
12	12	44	3	6	5	999	999	1	625	
12	12	45	3	3	4	1	1	1	593	
12	12	46	3	6	5	999	999	1	669	
12	12	47	3	5	3	999	999	1	562	
12	12	48	3	3	4	1	1	1	530	
12	12	49	3	6	5	999	999	1	541	
12	12	50	3	4	6	999	999	1	674	
12	13	1	3	6	5	999	999	1	742	
12	13	2	3	1	1	999	999	0	530	
12	13	3	3	5	3	999	999	1	589	
12	13	4	3	3	4	1	1	1	518	
12	13	5	3	6	5	999	999	1	498	
12	13	6	3	6	5	999	999	1	465	
12	13	7	3	2	2	999	999	1	541	
12	13	8	3	6	5	999	999	1	625	
12	13	9	3	4	6	999	999	1	514	
12	13	10	3	4	6	999	999	1	450	
12	13	11	3	5	3	999	999	1	482	
12	13	12	3	5	3	999	999	1	450	
12	13	13	3	6	5	999	999	1	502	
12	13	14	3	3	4	1	1	1	546	
12	13	15	3	5	3	999	999	1	545	
12	13	16	3	4	6	999	999	1	657	
12	13	17	3	3	4	1	1	1	525	
12	13	18	3	5	3	999	999	1	450	
12	13	19	3	5	3	999	999	1	370	
12	13	20	3	6	5	999	999	1	514	
12	13	21	3	2	2	999	999	1	546	
12	13	22	3	1	1	999	999	1	626	
12	13	23	3	6	5	999	999	1	578	
12	13	24	3	2	2	999	999	1	513	
12	13	25	3	3	4	1	1	1	530	
12	13	26	3	5	3	999	999	1	481	
12	13	27	3	6	5	999	999	1	493	
12	13	28	3	1	1	999	999	1	498	
12	13	29	3	2	2	999	999	1	502	
12	13	30	3	6	5	999	999	1	594	
12	13	31	3	5	3	999	999	1	594	
12	13	32	3	4	6	999	999	1	578	
12	13	33	3	5	3	999	999	1	470	
12	13	34	3	4	6	999	999	1	589	
12	13	35	3	5	3	999	999	1	541	
12	13	36	3	6	5	999	999	1	674	
12	13	37	3	5	3	999	999	1	546	
12	13	38	3	2	2	999	999	1	546	
12	13	39	3	3	4	1	1	1	546	
12	13	40	3	5	3	999	999	1	690	
12	13	41	3	1	1	999	999	1	642	
12	13	42	3	1	1	999	999	1	466	
12	13	43	3	4	6	999	999	1	722	
12	13	44	3	3	4	1	1	1	546	
12	13	45	3	4	6	999	999	1	621	
12	13	46	3	2	2	999	999	1	578	
12	13	47	3	2	2	999	999	1	530	
12	13	48	3	6	5	999	999	1	582	
12	13	49	3	1	1	999	999	1	738	
12	13	50	3	5	3	999	999	1	530	
12	14	1	3	4	6	999	999	1	506	
12	14	2	3	3	4	1	1	1	594	
12	14	3	3	5	3	999	999	1	450	
12	14	4	3	3	4	1	1	1	609	
12	14	5	3	1	1	999	999	1	626	
12	14	6	3	2	2	999	999	1	466	
12	14	7	3	3	4	1	1	1	593	
12	14	8	3	2	2	999	999	1	498	
12	14	9	3	4	6	999	999	1	594	
12	14	10	3	6	5	999	999	1	530	
12	14	11	3	2	2	999	999	1	578	
12	14	12	3	5	3	999	999	1	482	
12	14	13	3	5	3	999	999	1	402	
12	14	14	3	3	4	1	1	1	481	
12	14	15	3	4	6	999	999	1	577	
12	14	16	3	4	6	999	999	1	525	
12	14	17	3	5	3	999	999	1	530	
12	14	18	3	2	2	999	999	1	642	
12	14	19	3	4	6	999	999	1	706	
12	14	20	3	3	4	1	1	1	514	
12	14	21	3	5	3	999	999	1	537	
12	14	22	3	3	4	1	1	1	529	
12	14	23	3	6	5	999	999	1	514	
12	14	24	3	6	5	999	999	1	429	
12	14	25	3	4	6	999	999	1	562	
12	14	26	3	3	4	1	1	1	498	
12	14	27	3	4	6	999	999	1	525	
12	14	28	3	3	4	1	1	1	578	
12	14	29	3	2	2	999	999	1	562	
12	14	30	3	6	5	999	999	1	514	
12	14	31	3	5	3	999	999	1	498	
12	14	32	3	3	4	1	1	1	641	
12	14	33	3	3	4	1	1	1	433	
12	14	34	3	6	5	999	999	1	514	
12	14	35	3	3	4	1	1	1	834	
12	14	36	3	5	3	999	999	1	525	
12	14	37	3	2	2	999	999	1	530	
12	14	38	3	2	2	999	999	1	498	
12	14	39	3	2	2	999	999	1	482	
12	14	40	3	4	6	999	999	1	514	
12	14	41	3	5	3	999	999	1	546	
12	14	42	3	4	6	999	999	1	493	
12	14	43	3	3	4	1	1	1	514	
12	14	44	3	6	5	999	999	1	578	
12	14	45	3	4	6	999	999	1	514	
12	14	46	3	1	1	999	999	1	626	
12	14	47	3	2	2	999	999	1	689	
12	14	48	3	1	1	999	999	1	561	
12	14	49	3	1	1	999	999	1	546	
12	14	50	3	6	5	999	999	1	530	
12	15	1	3	3	4	1	1	1	581	
12	15	2	3	6	5	999	999	1	514	
12	15	3	3	6	5	999	999	1	402	
12	15	4	3	4	6	999	999	1	482	
12	15	5	3	1	1	999	999	1	594	
12	15	6	3	3	4	1	1	1	461	
12	15	7	3	1	1	999	999	1	429	
12	15	8	3	2	2	999	999	1	498	
12	15	9	3	3	4	1	1	1	605	
12	15	10	3	4	6	999	999	1	530	
12	15	11	3	3	4	1	1	1	525	
12	15	12	3	5	3	999	999	1	498	
12	15	13	3	2	2	999	999	1	534	
12	15	14	3	5	3	999	999	1	466	
12	15	15	3	6	5	999	999	1	498	
12	15	16	3	1	1	999	999	1	642	
12	15	17	3	4	6	999	999	1	642	
12	15	18	3	6	5	999	999	1	498	
12	15	19	3	1	1	999	999	1	594	
12	15	20	3	4	6	999	999	1	710	
12	15	21	3	4	6	999	999	1	482	
12	15	22	3	2	2	999	999	1	562	
12	15	23	3	3	4	1	1	1	962	
12	15	24	3	1	1	999	999	1	594	
12	15	25	3	6	5	999	999	1	530	
12	15	26	3	5	3	999	999	1	482	
12	15	27	3	6	5	999	999	1	557	
12	15	28	3	3	4	1	1	1	577	
12	15	29	3	5	3	999	999	1	466	
12	15	30	3	4	6	999	999	1	530	
12	15	31	3	6	5	999	999	1	546	
12	15	32	3	3	4	1	1	1	562	
12	15	33	3	1	1	999	999	1	514	
12	15	34	3	4	6	999	999	1	541	
12	15	35	3	4	6	999	999	1	466	
12	15	36	3	4	6	999	999	1	466	
12	15	37	3	2	2	999	999	1	546	
12	15	38	3	5	3	999	999	1	562	
12	15	39	3	1	1	999	999	1	577	
12	15	40	3	3	4	1	1	1	578	
12	15	41	3	3	4	1	1	1	454	
12	15	42	3	3	4	1	1	1	402	
12	15	43	3	2	2	999	999	1	525	
12	15	44	3	4	6	999	999	1	530	
12	15	45	3	3	4	1	1	1	578	
12	15	46	3	2	2	999	999	1	557	
12	15	47	3	4	6	999	999	1	514	
12	15	48	3	3	4	1	1	1	625	
12	15	49	3	4	6	999	999	1	498	
12	15	50	3	4	6	999	999	1	434	
