30	1	1	3	1	6	999	999	1	51131	
30	1	2	3	2	3	999	999	1	2050	
30	1	3	3	2	3	999	999	1	1474	
30	1	4	3	2	3	999	999	1	738	
30	1	5	3	2	3	999	999	1	706	
30	1	6	3	2	3	999	999	1	706	
30	1	7	3	6	2	999	999	1	1346	
30	1	8	3	4	5	999	999	1	1156	
30	1	9	3	5	4	999	999	1	1476	
30	1	10	3	4	5	999	999	1	2607	
30	1	11	3	4	5	999	999	1	1202	
30	1	12	3	3	1	1	1	1	1746	
30	1	13	3	6	2	999	999	1	1714	
30	1	14	3	6	2	999	999	1	1730	
30	1	15	3	1	6	999	999	1	1506	
30	1	16	3	6	2	999	999	1	1682	
30	1	17	3	5	4	999	999	1	994	
30	1	18	3	1	6	999	999	1	1810	
30	1	19	3	5	4	999	999	1	1009	
30	1	20	3	1	6	999	999	1	1316	
30	1	21	3	3	1	1	1	1	1122	
30	1	22	3	6	2	999	999	1	1071	
30	1	23	3	5	4	999	999	1	626	
30	1	24	3	5	4	999	999	1	687	
30	1	25	3	6	2	999	999	1	1298	
30	1	26	3	1	6	999	999	1	818	
30	1	27	3	5	4	999	999	1	1185	
30	1	28	3	4	5	999	999	1	1250	
30	1	29	3	1	6	999	999	1	674	
30	1	30	3	5	4	999	999	1	927	
30	1	31	3	3	1	1	1	1	1407	
30	1	32	3	3	1	1	1	1	930	
30	1	33	3	4	5	999	999	1	1618	
30	1	34	3	2	3	999	999	1	1346	
30	1	35	3	5	4	999	999	1	818	
30	1	36	3	3	1	1	1	1	946	
30	1	37	3	6	2	999	999	1	991	
30	1	38	3	5	4	999	999	1	1215	
30	1	39	3	6	2	999	999	1	802	
30	1	40	3	6	2	999	999	1	864	
30	1	41	3	5	4	999	999	1	895	
30	1	42	3	4	5	999	999	1	1074	
30	1	43	3	2	3	999	999	1	1570	
30	1	44	3	1	6	999	999	1	1202	
30	1	45	3	2	3	999	999	1	834	
30	1	46	3	2	3	999	999	1	930	
30	1	47	3	6	2	999	999	1	882	
30	1	48	3	5	4	999	999	1	1423	
30	1	49	3	2	3	999	999	1	1602	
30	1	50	3	1	6	999	999	1	754	
30	2	1	3	1	6	999	999	1	554	
30	2	2	3	6	2	999	999	1	655	
30	2	3	3	2	3	999	999	1	898	
30	2	4	3	5	4	999	999	1	657	
30	2	5	3	2	3	999	999	1	849	
30	2	6	3	4	5	999	999	0	914	
30	2	7	3	6	2	999	999	1	739	
30	2	8	3	3	1	1	1	1	1186	
30	2	9	3	5	4	999	999	1	735	
30	2	10	3	2	3	999	999	1	1186	
30	2	11	3	6	2	999	999	1	546	
30	2	12	3	6	2	999	999	1	626	
30	2	13	3	1	6	999	999	1	594	
30	2	14	3	3	1	1	1	1	1135	
30	2	15	3	4	5	999	999	1	1154	
30	2	16	3	5	4	999	999	1	642	
30	2	17	3	2	3	999	999	0	882	
30	2	18	3	2	3	999	999	1	593	
30	2	19	3	4	5	999	999	1	962	
30	2	20	3	1	6	999	999	1	978	
30	2	21	3	2	3	999	999	1	800	
30	2	22	3	6	2	999	999	1	850	
30	2	23	3	5	4	999	999	1	706	
30	2	24	3	1	6	999	999	1	769	
30	2	25	3	1	6	999	999	1	514	
30	2	26	3	2	3	999	999	1	786	
30	2	27	3	3	1	1	1	1	1087	
30	2	28	3	3	1	1	1	1	562	
30	2	29	3	6	2	999	999	1	626	
30	2	30	3	5	4	999	999	1	786	
30	2	31	3	6	2	999	999	1	708	
30	2	32	3	1	6	999	999	1	1151	
30	2	33	3	3	1	999	1	0	591	
30	2	34	3	2	3	999	999	1	2033	
30	2	35	3	6	2	999	999	1	705	
30	2	36	3	3	1	1	1	1	1071	
30	2	37	3	4	5	999	999	1	882	
30	2	38	3	1	6	999	999	1	1247	
30	2	39	3	2	3	999	999	1	770	
30	2	40	3	4	5	999	999	1	738	
30	2	41	3	4	5	999	999	1	692	
30	2	42	3	4	5	999	999	1	450	
30	2	43	3	5	4	999	999	1	594	
30	2	44	3	1	6	999	999	1	658	
30	2	45	3	4	5	999	999	1	530	
30	2	46	3	5	4	999	999	1	498	
30	2	47	3	2	3	999	999	1	1055	
30	2	48	3	1	6	1	999	0	820	
30	2	49	3	5	4	999	999	1	1057	
30	2	50	3	3	1	1	1	1	1106	
30	3	1	3	5	4	999	999	1	1656	
30	3	2	3	2	3	999	999	1	737	
30	3	3	3	6	2	999	999	1	562	
30	3	4	3	4	5	999	999	1	738	
30	3	5	3	6	2	999	999	1	738	
30	3	6	3	4	5	999	999	1	610	
30	3	7	3	3	1	1	1	1	687	
30	3	8	3	2	3	999	999	1	897	
30	3	9	3	5	4	999	999	1	1010	
30	3	10	3	1	6	999	999	1	959	
30	3	11	3	4	5	999	999	1	738	
30	3	12	3	5	4	999	999	1	1265	
30	3	13	3	3	1	1	1	1	690	
30	3	14	3	4	5	999	999	1	703	
30	3	15	3	6	2	999	999	1	514	
30	3	16	3	5	4	999	999	1	882	
30	3	17	3	5	4	999	999	1	591	
30	3	18	3	4	5	999	999	1	562	
30	3	19	3	3	1	999	1	0	530	
30	3	20	3	2	3	999	999	1	1551	
30	3	21	3	4	5	999	999	1	690	
30	3	22	3	6	2	999	999	1	610	
30	3	23	3	3	1	1	1	1	850	
30	3	24	3	2	3	999	999	1	722	
30	3	25	3	1	6	999	999	1	594	
30	3	26	3	1	6	999	999	1	530	
30	3	27	3	4	5	999	999	1	591	
30	3	28	3	6	2	999	999	1	562	
30	3	29	3	2	3	999	999	1	690	
30	3	30	3	2	3	999	999	1	593	
30	3	31	3	3	1	1	1	1	738	
30	3	32	3	2	3	999	999	1	930	
30	3	33	3	6	2	999	999	1	578	
30	3	34	3	5	4	999	999	1	1007	
30	3	35	3	2	3	999	999	1	690	
30	3	36	3	1	6	999	999	1	575	
30	3	37	3	1	6	999	999	1	527	
30	3	38	3	3	1	1	1	1	1119	
30	3	39	3	2	3	999	999	1	626	
30	3	40	3	6	2	999	999	1	818	
30	3	41	3	5	4	999	999	1	626	
30	3	42	3	6	2	999	999	1	544	
30	3	43	3	5	4	999	999	1	562	
30	3	44	3	6	2	999	999	1	498	
30	3	45	3	5	4	999	999	1	833	
30	3	46	3	5	4	999	999	1	450	
30	3	47	3	4	5	999	999	1	802	
30	3	48	3	4	5	999	999	1	530	
30	3	49	3	2	3	999	999	0	1314	
30	3	50	3	1	6	999	999	1	1119	
30	4	1	3	3	1	1	1	1	1047	
30	4	2	3	2	3	999	999	1	897	
30	4	3	3	5	4	999	999	1	722	
30	4	4	3	4	5	999	999	1	543	
30	4	5	3	3	1	1	1	1	1058	
30	4	6	3	5	4	999	999	1	927	
30	4	7	3	2	3	999	999	1	754	
30	4	8	3	6	2	999	999	1	818	
30	4	9	3	5	4	999	999	1	932	
30	4	10	3	4	5	999	999	1	706	
30	4	11	3	3	1	1	1	1	658	
30	4	12	3	6	2	999	999	1	578	
30	4	13	3	3	1	1	1	1	834	
30	4	14	3	2	3	999	999	1	546	
30	4	15	3	3	1	1	1	1	658	
30	4	16	3	4	5	999	999	1	623	
30	4	17	3	2	3	999	999	1	737	
30	4	18	3	2	3	999	999	1	575	
30	4	19	3	1	6	999	999	1	802	
30	4	20	3	5	4	999	999	1	706	
30	4	21	3	6	2	999	999	1	420	
30	4	22	3	5	4	999	999	1	690	
30	4	23	3	6	2	999	999	1	530	
30	4	24	3	6	2	999	999	1	1039	
30	4	25	3	5	4	999	999	1	879	
30	4	26	3	2	3	999	999	1	722	
30	4	27	3	6	2	999	999	1	605	
30	4	28	3	5	4	999	999	1	817	
30	4	29	3	4	5	999	999	1	722	
30	4	30	3	4	5	999	999	1	575	
30	4	31	3	6	2	999	999	1	530	
30	4	32	3	6	2	999	999	1	468	
30	4	33	3	1	6	999	999	1	1298	
30	4	34	3	1	6	999	999	1	402	
30	4	35	3	6	2	999	999	1	625	
30	4	36	3	5	4	999	999	1	577	
30	4	37	3	5	4	999	999	1	465	
30	4	38	3	4	5	999	999	1	546	
30	4	39	3	4	5	999	999	1	482	
30	4	40	3	1	6	999	999	1	737	
30	4	41	3	6	2	999	999	1	578	
30	4	42	3	1	6	999	999	1	546	
30	4	43	3	1	6	999	999	1	463	
30	4	44	3	1	6	999	999	1	372	
30	4	45	3	6	2	999	999	1	511	
30	4	46	3	2	3	999	999	1	1202	
30	4	47	3	4	5	999	999	1	607	
30	4	48	3	3	1	1	1	1	1058	
30	4	49	3	3	1	1	1	1	546	
30	4	50	3	3	1	1	1	1	434	
30	5	1	3	1	6	999	999	1	662	
30	5	2	3	5	4	999	999	1	529	
30	5	3	3	3	1	999	1	0	626	
30	5	4	3	6	2	999	999	1	591	
30	5	5	3	3	1	1	1	1	1026	
30	5	6	3	6	2	999	999	1	546	
30	5	7	3	4	5	999	999	1	605	
30	5	8	3	5	4	999	999	1	657	
30	5	9	3	5	4	999	999	1	417	
30	5	10	3	1	6	999	999	1	994	
30	5	11	3	2	3	999	999	1	675	
30	5	12	3	2	3	999	999	1	530	
30	5	13	3	6	2	999	999	1	543	
30	5	14	3	3	1	1	1	1	639	
30	5	15	3	3	1	1	1	1	463	
30	5	16	3	4	5	999	999	1	639	
30	5	17	3	5	4	999	999	1	546	
30	5	18	3	6	2	999	999	1	514	
30	5	19	3	3	1	1	1	1	687	
30	5	20	3	2	3	999	999	1	626	
30	5	21	3	5	4	999	999	1	1026	
30	5	22	3	4	5	999	999	1	560	
30	5	23	3	4	5	999	999	1	546	
30	5	24	3	2	3	999	999	1	911	
30	5	25	3	4	5	999	999	1	706	
30	5	26	3	1	6	999	999	1	1007	
30	5	27	3	6	2	999	999	1	495	
30	5	28	3	4	5	999	999	1	706	
30	5	29	3	6	2	999	999	1	658	
30	5	30	3	6	2	999	999	1	514	
30	5	31	3	2	3	999	999	1	738	
30	5	32	3	2	3	999	999	1	466	
30	5	33	3	4	5	999	999	0	306	
30	5	34	3	6	2	999	999	1	625	
30	5	35	3	1	6	999	999	1	834	
30	5	36	3	3	1	1	1	1	898	
30	5	37	3	6	2	999	999	1	514	
30	5	38	3	3	1	1	1	1	866	
30	5	39	3	5	4	999	999	1	978	
30	5	40	3	4	5	999	999	1	962	
30	5	41	3	2	3	999	999	1	610	
30	5	42	3	6	2	999	999	1	546	
30	5	43	3	3	1	1	1	1	802	
30	5	44	3	6	2	999	999	1	530	
30	5	45	3	5	4	999	999	1	626	
30	5	46	3	6	2	999	999	1	546	
30	5	47	3	5	4	999	999	1	1490	
30	5	48	3	1	6	999	999	1	850	
30	5	49	3	3	1	1	1	1	658	
30	5	50	3	3	1	1	1	1	498	
30	6	1	3	5	4	999	999	1	840	
30	6	2	3	3	1	1	1	1	1087	
30	6	3	3	5	4	999	999	1	786	
30	6	4	3	6	2	999	999	1	594	
30	6	5	3	3	1	1	1	1	770	
30	6	6	3	1	6	999	999	1	1364	
30	6	7	3	2	3	999	999	1	658	
30	6	8	3	2	3	999	999	1	482	
30	6	9	3	5	4	999	999	1	575	
30	6	10	3	6	2	999	999	1	546	
30	6	11	3	6	2	999	999	1	514	
30	6	12	3	2	3	999	999	1	690	
30	6	13	3	4	5	999	999	1	658	
30	6	14	3	1	6	999	999	1	674	
30	6	15	3	6	2	999	999	1	514	
30	6	16	3	3	1	1	1	1	674	
30	6	17	3	5	4	999	999	1	786	
30	6	18	3	4	5	999	999	1	642	
30	6	19	3	4	5	999	999	1	450	
30	6	20	3	2	3	999	999	1	1090	
30	6	21	3	6	2	999	999	1	514	
30	6	22	3	4	5	999	999	1	607	
30	6	23	3	1	6	999	999	1	642	
30	6	24	3	4	5	999	999	1	610	
30	6	25	3	4	5	999	999	1	449	
30	6	26	3	3	1	1	1	1	898	
30	6	27	3	5	4	999	999	1	1490	
30	6	28	3	5	4	999	999	1	434	
30	6	29	3	1	6	999	999	1	2034	
30	6	30	3	3	1	1	1	1	530	
30	6	31	3	4	5	999	999	1	671	
30	6	32	3	2	3	999	999	1	738	
30	6	33	3	6	2	999	999	1	546	
30	6	34	3	3	1	1	1	1	738	
30	6	35	3	3	1	1	1	1	671	
30	6	36	3	2	3	999	999	1	660	
30	6	37	3	6	2	999	999	1	607	
30	6	38	3	5	4	999	999	1	962	
30	6	39	3	6	2	999	999	1	575	
30	6	40	3	6	2	999	999	1	530	
30	6	41	3	4	5	999	999	1	1186	
30	6	42	3	4	5	999	999	1	461	
30	6	43	3	5	4	999	999	1	594	
30	6	44	3	6	2	999	999	1	562	
30	6	45	3	1	6	1	999	0	850	
30	6	46	3	5	4	999	999	1	898	
30	6	47	3	5	4	999	999	1	527	
30	6	48	3	4	5	999	999	1	992	
30	6	49	3	6	2	999	999	1	639	
30	6	50	3	5	4	999	999	1	642	
30	7	1	3	6	2	999	999	1	906	
30	7	2	3	3	1	1	1	1	1154	
30	7	3	3	4	5	999	999	1	738	
30	7	4	3	5	4	999	999	1	1295	
30	7	5	3	3	1	1	1	1	770	
30	7	6	3	2	3	999	999	1	2370	
30	7	7	3	6	2	999	999	1	530	
30	7	8	3	6	2	999	999	1	562	
30	7	9	3	4	5	999	999	1	706	
30	7	10	3	5	4	999	999	1	879	
30	7	11	3	4	5	999	999	1	1074	
30	7	12	3	5	4	999	999	1	610	
30	7	13	3	2	3	999	999	1	1074	
30	7	14	3	6	2	999	999	1	530	
30	7	15	3	1	6	1	999	0	1023	
30	7	16	3	6	2	999	999	1	685	
30	7	17	3	6	2	999	999	1	546	
30	7	18	3	2	3	999	999	0	543	
30	7	19	3	1	6	999	999	1	914	
30	7	20	3	1	6	999	999	1	482	
30	7	21	3	3	1	1	1	1	786	
30	7	22	3	2	3	999	999	1	674	
30	7	23	3	3	1	1	1	1	690	
30	7	24	3	2	3	999	999	1	639	
30	7	25	3	1	6	999	999	1	642	
30	7	26	3	4	5	999	999	1	802	
30	7	27	3	2	3	999	999	1	1442	
30	7	28	3	2	3	999	999	1	482	
30	7	29	3	6	2	999	999	1	1634	
30	7	30	3	4	5	999	999	1	1551	
30	7	31	3	3	1	1	1	1	962	
30	7	32	3	5	4	999	999	1	770	
30	7	33	3	3	1	1	1	1	1010	
30	7	34	3	3	1	1	1	1	498	
30	7	35	3	5	4	999	999	1	625	
30	7	36	3	3	1	1	1	1	833	
30	7	37	3	6	2	999	999	1	610	
30	7	38	3	2	3	999	999	1	882	
30	7	39	3	2	3	999	999	1	498	
30	7	40	3	2	3	999	999	1	479	
30	7	41	3	3	1	1	1	1	1042	
30	7	42	3	6	2	999	999	1	1058	
30	7	43	3	3	1	1	1	1	976	
30	7	44	3	6	2	999	999	1	642	
30	7	45	3	2	3	999	999	1	722	
30	7	46	3	5	4	999	999	1	815	
30	7	47	3	2	3	999	999	1	658	
30	7	48	3	2	3	999	999	1	546	
30	7	49	3	5	4	999	999	1	642	
30	7	50	3	3	1	1	1	1	866	
30	8	1	3	2	3	999	999	1	762	
30	8	2	3	3	1	1	1	1	722	
30	8	3	3	4	5	999	999	1	626	
30	8	4	3	4	5	999	999	1	463	
30	8	5	3	4	5	999	999	1	434	
30	8	6	3	3	1	1	1	1	1620	
30	8	7	3	1	6	999	999	1	626	
30	8	8	3	3	1	1	1	1	610	
30	8	9	3	6	2	999	999	1	578	
30	8	10	3	6	2	999	999	1	420	
30	8	11	3	4	5	999	999	1	578	
30	8	12	3	5	4	999	999	1	1074	
30	8	13	3	5	4	999	999	1	402	
30	8	14	3	1	6	999	999	1	930	
30	8	15	3	3	1	1	1	1	978	
30	8	16	3	3	1	1	1	1	402	
30	8	17	3	5	4	999	999	1	482	
30	8	18	3	3	1	1	1	1	690	
30	8	19	3	5	4	999	999	1	513	
30	8	20	3	1	6	999	999	1	818	
30	8	21	3	6	2	999	999	1	530	
30	8	22	3	6	2	999	999	1	482	
30	8	23	3	4	5	999	999	1	719	
30	8	24	3	6	2	999	999	1	578	
30	8	25	3	6	2	999	999	1	562	
30	8	26	3	1	6	999	999	1	930	
30	8	27	3	4	5	999	999	1	560	
30	8	28	3	5	4	999	999	1	642	
30	8	29	3	4	5	999	999	1	530	
30	8	30	3	2	3	999	999	1	626	
30	8	31	3	2	3	999	999	1	687	
30	8	32	3	6	2	999	999	1	639	
30	8	33	3	3	1	1	1	1	706	
30	8	34	3	4	5	999	999	1	594	
30	8	35	3	3	1	1	1	1	914	
30	8	36	3	1	6	999	999	1	658	
30	8	37	3	1	6	999	999	1	468	
30	8	38	3	4	5	999	999	1	1010	
30	8	39	3	2	3	999	999	1	722	
30	8	40	3	5	4	999	999	1	674	
30	8	41	3	4	5	999	999	1	642	
30	8	42	3	3	1	1	1	1	751	
30	8	43	3	3	1	1	1	1	511	
30	8	44	3	4	5	999	999	1	674	
30	8	45	3	6	2	999	999	1	561	
30	8	46	3	1	6	999	999	1	786	
30	8	47	3	2	3	999	999	1	655	
30	8	48	3	5	4	999	999	1	562	
30	8	49	3	3	1	1	1	1	1215	
30	8	50	3	5	4	999	999	1	655	
30	9	1	3	5	4	999	999	1	634	
30	9	2	3	4	5	999	999	1	578	
30	9	3	3	1	6	999	999	1	754	
30	9	4	3	2	3	999	999	1	628	
30	9	5	3	5	4	999	999	1	610	
30	9	6	3	3	1	1	1	1	1250	
30	9	7	3	5	4	999	999	1	498	
30	9	8	3	2	3	999	999	1	642	
30	9	9	3	1	6	999	999	0	930	
30	9	10	3	3	1	1	1	1	687	
30	9	11	3	3	1	1	1	1	671	
30	9	12	3	2	3	999	999	1	658	
30	9	13	3	6	2	999	999	1	626	
30	9	14	3	2	3	999	999	0	498	
30	9	15	3	5	4	999	999	1	738	
30	9	16	3	4	5	999	999	1	610	
30	9	17	3	6	2	999	999	1	578	
30	9	18	3	3	1	1	1	1	868	
30	9	19	3	1	6	999	999	1	738	
30	9	20	3	2	3	999	999	1	639	
30	9	21	3	6	2	999	999	1	562	
30	9	22	3	5	4	999	999	1	754	
30	9	23	3	1	6	999	999	1	962	
30	9	24	3	1	6	999	999	1	495	
30	9	25	3	3	1	1	1	1	687	
30	9	26	3	6	2	999	999	1	527	
30	9	27	3	6	2	999	999	1	962	
30	9	28	3	3	1	1	1	1	770	
30	9	29	3	3	1	1	1	1	610	
30	9	30	3	3	1	1	1	1	530	
30	9	31	3	3	1	1	1	1	402	
30	9	32	3	3	1	1	1	1	530	
30	9	33	3	4	5	999	999	1	690	
30	9	34	3	3	1	1	1	1	834	
30	9	35	3	6	2	999	999	1	1010	
30	9	36	3	6	2	999	999	1	610	
30	9	37	3	2	3	999	999	1	1085	
30	9	38	3	3	1	1	1	1	754	
30	9	39	3	5	4	999	999	1	865	
30	9	40	3	4	5	999	999	1	1138	
30	9	41	3	6	2	999	999	1	722	
30	9	42	3	6	2	999	999	1	1010	
30	9	43	3	6	2	999	999	1	703	
30	9	44	3	5	4	999	999	1	831	
30	9	45	3	6	2	999	999	1	658	
30	9	46	3	2	3	999	999	1	1026	
30	9	47	3	3	1	1	1	1	882	
30	9	48	3	4	5	999	999	1	927	
30	9	49	3	5	4	999	999	1	754	
30	9	50	3	3	1	1	1	1	767	
30	10	1	3	6	2	999	999	1	648	
30	10	2	3	1	6	999	999	1	833	
30	10	3	3	5	4	999	999	1	578	
30	10	4	3	6	2	999	999	1	722	
30	10	5	3	1	6	999	999	1	562	
30	10	6	3	5	4	999	999	1	676	
30	10	7	3	3	1	1	1	1	642	
30	10	8	3	3	1	1	1	1	434	
30	10	9	3	1	6	999	999	1	594	
30	10	10	3	4	5	999	999	1	882	
30	10	11	3	3	1	1	1	1	1170	
30	10	12	3	2	3	999	999	1	818	
30	10	13	3	2	3	999	999	1	610	
30	10	14	3	4	5	999	999	1	658	
30	10	15	3	3	1	1	1	1	914	
30	10	16	3	5	4	999	999	1	642	
30	10	17	3	3	1	1	1	1	946	
30	10	18	3	4	5	999	999	1	820	
30	10	19	3	3	1	1	1	1	930	
30	10	20	3	4	5	999	999	1	690	
30	10	21	3	3	1	1	1	1	610	
30	10	22	3	6	2	999	999	1	594	
30	10	23	3	4	5	999	999	1	770	
30	10	24	3	5	4	999	999	1	738	
30	10	25	3	6	2	999	999	1	943	
30	10	26	3	4	5	999	999	1	658	
30	10	27	3	1	6	999	999	1	898	
30	10	28	3	5	4	999	999	1	1746	
30	10	29	3	5	4	999	999	1	626	
30	10	30	3	3	1	1	1	1	786	
30	10	31	3	1	6	999	999	1	850	
30	10	32	3	4	5	999	999	1	914	
30	10	33	3	5	4	999	999	1	655	
30	10	34	3	4	5	999	999	1	623	
30	10	35	3	6	2	999	999	1	674	
30	10	36	3	2	3	999	999	1	818	
30	10	37	3	6	2	999	999	1	850	
30	10	38	3	4	5	999	999	1	658	
30	10	39	3	4	5	999	999	1	623	
30	10	40	3	2	3	999	999	1	1021	
30	10	41	3	4	5	999	999	1	1266	
30	10	42	3	2	3	999	999	1	802	
30	10	43	3	3	1	1	1	1	1106	
30	10	44	3	1	6	999	999	1	511	
30	10	45	3	5	4	999	999	1	658	
30	10	46	3	2	3	999	999	1	770	
30	10	47	3	1	6	999	999	1	898	
30	10	48	3	5	4	999	999	1	577	
30	10	49	3	1	6	999	999	1	690	
30	10	50	3	3	1	1	1	1	722	
30	11	1	3	4	5	999	999	1	824	
30	11	2	3	5	4	999	999	1	609	
30	11	3	3	4	5	999	999	1	546	
30	11	4	3	3	1	1	1	1	930	
30	11	5	3	2	3	999	999	1	831	
30	11	6	3	6	2	999	999	1	578	
30	11	7	3	6	2	999	999	1	543	
30	11	8	3	6	2	999	999	1	466	
30	11	9	3	3	1	999	1	0	495	
30	11	10	3	4	5	999	999	1	722	
30	11	11	3	4	5	999	999	1	434	
30	11	12	3	3	1	1	1	1	834	
30	11	13	3	4	5	999	999	1	1170	
30	11	14	3	1	6	999	999	1	834	
30	11	15	3	3	1	1	1	1	900	
30	11	16	3	1	6	999	999	1	1871	
30	11	17	3	5	4	999	999	1	703	
30	11	18	3	3	1	1	1	1	690	
30	11	19	3	4	5	999	999	1	722	
30	11	20	3	3	1	1	1	1	815	
30	11	21	3	3	1	1	1	1	578	
30	11	22	3	5	4	999	999	1	594	
30	11	23	3	4	5	999	999	1	1330	
30	11	24	3	5	4	999	999	1	1282	
30	11	25	3	6	2	999	999	1	674	
30	11	26	3	3	1	1	1	1	1247	
30	11	27	3	4	5	999	999	1	1090	
30	11	28	3	3	1	1	1	1	1154	
30	11	29	3	3	1	1	1	1	690	
30	11	30	3	6	2	999	999	1	642	
30	11	31	3	5	4	999	999	1	751	
30	11	32	3	2	3	999	999	1	815	
30	11	33	3	3	1	1	1	1	1026	
30	11	34	3	4	5	999	999	1	770	
30	11	35	3	5	4	999	999	1	626	
30	11	36	3	6	2	999	999	1	676	
30	11	37	3	5	4	999	999	1	610	
30	11	38	3	6	2	999	999	1	722	
30	11	39	3	6	2	999	999	1	575	
30	11	40	3	3	1	1	1	1	754	
30	11	41	3	3	1	1	1	1	674	
30	11	42	3	3	1	1	1	1	626	
30	11	43	3	3	1	1	1	1	607	
30	11	44	3	2	3	999	999	1	1026	
30	11	45	3	2	3	999	999	1	482	
30	11	46	3	2	3	999	999	1	530	
30	11	47	3	2	3	999	999	1	578	
30	11	48	3	3	1	1	1	1	927	
30	11	49	3	6	2	999	999	1	594	
30	11	50	3	1	6	999	999	1	1153	
30	12	1	3	4	5	999	999	1	806	
30	12	2	3	3	1	1	1	1	722	
30	12	3	3	2	3	999	999	1	578	
30	12	4	3	1	6	999	999	1	578	
30	12	5	3	1	6	999	999	1	1106	
30	12	6	3	4	5	999	999	1	530	
30	12	7	3	3	1	1	1	1	719	
30	12	8	3	2	3	999	999	1	1503	
30	12	9	3	1	6	999	999	1	639	
30	12	10	3	1	6	999	999	1	466	
30	12	11	3	4	5	999	999	1	578	
30	12	12	3	3	1	1	1	1	850	
30	12	13	3	5	4	999	999	1	658	
30	12	14	3	4	5	999	999	1	642	
30	12	15	3	1	6	999	999	1	914	
30	12	16	3	6	2	999	999	1	610	
30	12	17	3	3	1	1	1	1	1375	
30	12	18	3	4	5	999	999	1	514	
30	12	19	3	6	2	999	999	1	511	
30	12	20	3	6	2	999	999	1	498	
30	12	21	3	1	6	999	999	1	1298	
30	12	22	3	4	5	999	999	1	706	
30	12	23	3	5	4	999	999	1	911	
30	12	24	3	2	3	999	999	1	1231	
30	12	25	3	6	2	999	999	1	674	
30	12	26	3	2	3	999	999	1	610	
30	12	27	3	1	6	999	999	1	1346	
30	12	28	3	4	5	999	999	1	610	
30	12	29	3	4	5	999	999	1	449	
30	12	30	3	5	4	999	999	1	546	
30	12	31	3	5	4	999	999	1	386	
30	12	32	3	3	1	1	1	1	994	
30	12	33	3	4	5	999	999	1	722	
30	12	34	3	4	5	999	999	1	594	
30	12	35	3	4	5	999	999	1	610	
30	12	36	3	3	1	1	1	1	658	
30	12	37	3	3	1	1	1	1	770	
30	12	38	3	3	1	1	1	1	511	
30	12	39	3	2	3	999	999	1	898	
30	12	40	3	2	3	999	999	1	434	
30	12	41	3	3	1	1	1	1	562	
30	12	42	3	3	1	1	1	1	356	
30	12	43	3	1	6	999	999	1	879	
30	12	44	3	3	1	1	1	1	961	
30	12	45	3	1	6	999	999	1	1186	
30	12	46	3	6	2	999	999	1	690	
30	12	47	3	1	6	999	999	1	674	
30	12	48	3	5	4	999	999	1	962	
30	12	49	3	4	5	999	999	1	834	
30	12	50	3	4	5	999	999	1	1197	
30	13	1	3	5	4	999	999	1	792	
30	13	2	3	1	6	999	999	1	577	
30	13	3	3	4	5	999	999	1	527	
30	13	4	3	6	2	999	999	1	578	
30	13	5	3	3	1	1	1	1	799	
30	13	6	3	4	5	999	999	1	562	
30	13	7	3	6	2	999	999	1	562	
30	13	8	3	3	1	1	1	1	1234	
30	13	9	3	6	2	999	999	1	562	
30	13	10	3	1	6	999	999	1	788	
30	13	11	3	3	1	1	1	1	1186	
30	13	12	3	1	6	999	999	1	1506	
30	13	13	3	4	5	999	999	1	946	
30	13	14	3	5	4	999	999	1	1281	
30	13	15	3	3	1	1	1	1	1314	
30	13	16	3	1	6	999	999	1	1010	
30	13	17	3	5	4	999	999	1	1039	
30	13	18	3	3	1	1	1	1	914	
30	13	19	3	5	4	999	999	1	687	
30	13	20	3	6	2	999	999	1	671	
30	13	21	3	6	2	999	999	1	628	
30	13	22	3	3	1	1	1	1	1092	
30	13	23	3	5	4	999	999	1	1010	
30	13	24	3	2	3	999	999	1	1298	
30	13	25	3	2	3	999	999	1	674	
30	13	26	3	3	1	1	1	1	911	
30	13	27	3	1	6	999	999	1	866	
30	13	28	3	5	4	999	999	1	1202	
30	13	29	3	5	4	999	999	1	676	
30	13	30	3	3	1	1	1	1	1170	
30	13	31	3	5	4	999	999	1	930	
30	13	32	3	5	4	999	999	1	690	
30	13	33	3	2	3	999	999	1	994	
30	13	34	3	1	6	999	999	1	738	
30	13	35	3	4	5	999	999	1	1103	
30	13	36	3	2	3	999	999	1	580	
30	13	37	3	2	3	999	999	1	466	
30	13	38	3	2	3	999	999	1	482	
30	13	39	3	6	2	999	999	1	866	
30	13	40	3	4	5	999	999	1	786	
30	13	41	3	5	4	999	999	1	946	
30	13	42	3	6	2	999	999	1	708	
30	13	43	3	5	4	999	999	1	767	
30	13	44	3	4	5	999	999	1	626	
30	13	45	3	5	4	999	999	1	1394	
30	13	46	3	1	6	999	999	1	930	
30	13	47	3	3	1	1	1	1	1378	
30	13	48	3	5	4	999	999	1	578	
30	13	49	3	2	3	999	999	1	895	
30	13	50	3	1	6	999	999	1	1554	
30	14	1	3	1	6	999	999	1	680	
30	14	2	3	2	3	999	999	1	737	
30	14	3	3	4	5	999	999	1	578	
30	14	4	3	2	3	999	999	0	546	
30	14	5	3	1	6	999	999	1	753	
30	14	6	3	5	4	999	999	1	626	
30	14	7	3	4	5	999	999	1	562	
30	14	8	3	4	5	999	999	1	495	
30	14	9	3	5	4	999	999	1	658	
30	14	10	3	3	1	1	1	1	977	
30	14	11	3	4	5	999	999	1	498	
30	14	12	3	1	6	999	999	1	607	
30	14	13	3	4	5	999	999	1	562	
30	14	14	3	2	3	999	999	1	578	
30	14	15	3	1	6	999	999	1	658	
30	14	16	3	5	4	999	999	1	596	
30	14	17	3	2	3	999	999	1	610	
30	14	18	3	5	4	999	999	1	466	
30	14	19	3	2	3	999	999	1	818	
30	14	20	3	2	3	999	999	1	562	
30	14	21	3	5	4	999	999	0	674	
30	14	22	3	6	2	999	999	1	642	
30	14	23	3	2	3	999	999	1	898	
30	14	24	3	5	4	999	999	1	1106	
30	14	25	3	1	6	999	999	1	882	
30	14	26	3	5	4	999	999	1	834	
30	14	27	3	5	4	999	999	1	610	
30	14	28	3	1	6	999	999	1	594	
30	14	29	3	3	1	1	1	1	1138	
30	14	30	3	5	4	999	999	1	866	
30	14	31	3	2	3	999	999	1	1074	
30	14	32	3	5	4	999	999	1	834	
30	14	33	3	4	5	999	999	1	994	
30	14	34	3	2	3	999	999	1	898	
30	14	35	3	6	2	999	999	1	882	
30	14	36	3	4	5	999	999	1	916	
30	14	37	3	6	2	999	999	1	1394	
30	14	38	3	6	2	999	999	1	610	
30	14	39	3	2	3	999	999	1	946	
30	14	40	3	1	6	999	999	1	1586	
30	14	41	3	2	3	999	999	1	575	
30	14	42	3	6	2	999	999	1	578	
30	14	43	3	6	2	999	999	1	562	
30	14	44	3	2	3	999	999	1	1154	
30	14	45	3	5	4	999	999	1	706	
30	14	46	3	6	2	999	999	1	1586	
30	14	47	3	2	3	999	999	1	1218	
30	14	48	3	4	5	999	999	1	1042	
30	14	49	3	5	4	999	999	1	690	
30	14	50	3	1	6	999	999	1	800	
30	15	1	3	1	6	999	999	1	632	
30	15	2	3	1	6	999	999	1	559	
30	15	3	3	5	4	999	999	1	623	
30	15	4	3	3	1	1	1	1	770	
30	15	5	3	3	1	1	1	1	690	
30	15	6	3	5	4	999	999	1	564	
30	15	7	3	2	3	1	999	0	514	
30	15	8	3	3	1	1	1	1	785	
30	15	9	3	1	6	999	999	1	674	
30	15	10	3	5	4	999	999	1	850	
30	15	11	3	1	6	999	999	1	1442	
30	15	12	3	6	2	999	999	1	738	
30	15	13	3	3	1	1	1	1	802	
30	15	14	3	4	5	999	999	1	1074	
30	15	15	3	3	1	1	1	1	1234	
30	15	16	3	3	1	1	1	1	511	
30	15	17	3	1	6	999	999	1	722	
30	15	18	3	3	1	1	1	1	1026	
30	15	19	3	6	2	999	999	1	610	
30	15	20	3	5	4	999	999	1	754	
30	15	21	3	1	6	999	999	1	914	
30	15	22	3	3	1	1	1	1	898	
30	15	23	3	6	2	999	999	1	610	
30	15	24	3	3	1	1	1	1	785	
30	15	25	3	2	3	999	999	1	706	
30	15	26	3	1	6	999	999	1	1314	
30	15	27	3	6	2	999	999	1	527	
30	15	28	3	1	6	999	999	1	738	
30	15	29	3	6	2	999	999	1	527	
30	15	30	3	6	2	999	999	1	1106	
30	15	31	3	1	6	999	999	1	978	
30	15	32	3	5	4	999	999	1	593	
30	15	33	3	1	6	999	999	1	754	
30	15	34	3	5	4	999	999	1	751	
30	15	35	3	6	2	999	999	1	514	
30	15	36	3	1	6	999	999	1	722	
30	15	37	3	3	1	1	1	1	1154	
30	15	38	3	6	2	999	999	1	626	
30	15	39	3	4	5	999	999	1	1010	
30	15	40	3	6	2	999	999	1	594	
30	15	41	3	6	2	999	999	1	1026	
30	15	42	3	5	4	999	999	1	975	
30	15	43	3	1	6	999	999	1	850	
30	15	44	3	4	5	999	999	1	687	
30	15	45	3	6	2	999	999	1	722	
30	15	46	3	1	6	999	999	1	738	
30	15	47	3	6	2	999	999	1	626	
30	15	48	3	1	6	999	999	1	1010	
30	15	49	3	5	4	999	999	1	817	
30	15	50	3	3	1	1	1	1	690	
