53	1	1	2	3	6	1	1	1	1065	
53	1	2	2	2	2	999	999	1	786	
53	1	3	2	3	6	1	1	1	599	
53	1	4	2	3	6	1	1	1	530	
53	1	5	2	3	6	1	1	1	546	
53	1	6	2	1	4	999	999	1	541	
53	1	7	2	6	5	999	999	1	514	
53	1	8	2	1	4	999	999	1	594	
53	1	9	2	3	6	1	1	1	557	
53	1	10	2	2	2	999	999	1	573	
53	1	11	2	2	2	999	999	1	562	
53	1	12	2	2	2	999	999	1	498	
53	1	13	2	2	2	999	999	1	402	
53	1	14	2	5	3	999	999	1	578	
53	1	15	2	3	6	1	1	1	658	
53	1	16	2	3	6	1	1	1	512	
53	1	17	2	3	6	1	1	1	494	
53	1	18	2	6	5	999	999	1	722	
53	1	19	2	3	6	1	1	1	578	
53	1	20	2	2	2	999	999	1	514	
53	1	21	2	6	5	999	999	1	530	
53	1	22	2	4	1	999	999	1	1170	
53	1	23	2	6	5	999	999	1	530	
53	1	24	2	6	5	999	999	1	478	
53	1	25	2	1	4	999	999	1	508	
53	1	26	2	1	4	999	999	1	477	
53	1	27	2	3	6	1	1	1	542	
53	1	28	2	3	6	1	1	1	450	
53	1	29	2	3	6	1	1	1	466	
53	1	30	2	4	1	999	999	1	610	
53	1	31	2	5	3	999	999	1	403	
53	1	32	2	4	1	999	999	1	498	
53	1	33	2	1	4	999	999	1	466	
53	1	34	2	6	5	999	999	1	530	
53	1	35	2	1	4	999	999	1	482	
53	1	36	2	3	6	1	1	1	526	
53	1	37	2	1	4	999	999	1	434	
53	1	38	2	3	6	1	1	1	503	
53	1	39	2	1	4	999	999	1	514	
53	1	40	2	1	4	999	999	1	514	
53	1	41	2	5	3	999	999	1	1218	
53	1	42	2	6	5	999	999	1	462	
53	1	43	2	5	3	999	999	1	631	
53	1	44	2	3	6	1	1	1	514	
53	1	45	2	6	5	999	999	1	514	
53	1	46	2	1	4	999	999	1	434	
53	1	47	2	2	2	999	999	1	482	
53	1	48	2	2	2	999	999	1	514	
53	1	49	2	5	3	999	999	1	658	
53	1	50	2	4	1	999	999	1	567	
53	2	1	2	4	1	999	999	1	1082	
53	2	2	2	2	2	999	999	1	498	
53	2	3	2	3	6	1	1	1	493	
53	2	4	2	4	1	999	999	1	366	
53	2	5	2	2	2	999	999	1	466	
53	2	6	2	2	2	999	999	1	418	
53	2	7	2	2	2	999	999	1	446	
53	2	8	2	2	2	999	999	1	366	
53	2	9	2	6	5	999	999	1	583	
53	2	10	2	5	3	999	999	1	478	
53	2	11	2	2	2	999	999	1	482	
53	2	12	2	5	3	999	999	1	578	
53	2	13	2	6	5	999	999	1	510	
53	2	14	2	5	3	999	999	1	447	
53	2	15	2	3	6	1	1	1	669	
53	2	16	2	3	6	1	1	1	462	
53	2	17	2	5	3	999	999	1	583	
53	2	18	2	4	1	999	999	1	414	
53	2	19	2	6	5	999	999	1	452	
53	2	20	2	1	4	999	999	1	530	
53	2	21	2	6	5	999	999	1	546	
53	2	22	2	5	3	999	999	1	530	
53	2	23	2	3	6	1	1	1	626	
53	2	24	2	3	6	1	1	1	670	
53	2	25	2	5	3	999	999	1	482	
53	2	26	2	3	6	1	1	1	466	
53	2	27	2	4	1	999	999	1	962	
53	2	28	2	4	1	999	999	1	466	
53	2	29	2	3	6	1	1	1	446	
53	2	30	2	4	1	999	999	1	450	
53	2	31	2	2	2	999	999	1	466	
53	2	32	2	5	3	999	999	1	530	
53	2	33	2	5	3	999	999	1	402	
53	2	34	2	1	4	999	999	1	439	
53	2	35	2	6	5	999	999	1	418	
53	2	36	2	3	6	1	1	1	450	
53	2	37	2	4	1	999	999	1	642	
53	2	38	2	5	3	999	999	1	386	
53	2	39	2	5	3	999	999	1	386	
53	2	40	2	4	1	1	999	0	594	
53	2	41	2	3	6	1	1	1	616	
53	2	42	2	1	4	999	999	1	466	
53	2	43	2	2	2	999	999	1	402	
53	2	44	2	3	6	1	1	1	558	
53	2	45	2	3	6	1	1	1	493	
53	2	46	2	5	3	999	999	1	535	
53	2	47	2	4	1	999	999	1	466	
53	2	48	2	5	3	999	999	1	546	
53	2	49	2	5	3	999	999	1	402	
53	2	50	2	1	4	999	999	1	498	
53	3	1	2	5	3	999	999	1	810	
53	3	2	2	4	1	999	999	1	439	
53	3	3	2	1	4	999	999	1	642	
53	3	4	2	4	1	999	999	1	594	
53	3	5	2	4	1	999	999	1	382	
53	3	6	2	2	2	999	999	1	535	
53	3	7	2	3	6	1	1	1	418	
53	3	8	2	4	1	999	999	1	1010	
53	3	9	2	5	3	999	999	1	402	
53	3	10	2	5	3	999	999	1	478	
53	3	11	2	4	1	999	999	1	393	
53	3	12	2	2	2	999	999	1	626	
53	3	13	2	1	4	999	999	1	431	
53	3	14	2	4	1	999	999	1	658	
53	3	15	2	2	2	999	999	1	546	
53	3	16	2	1	4	999	999	1	546	
53	3	17	2	6	5	999	999	1	562	
53	3	18	2	2	2	999	999	1	578	
53	3	19	2	5	3	999	999	1	606	
53	3	20	2	1	4	999	999	1	562	
53	3	21	2	4	1	999	999	1	1085	
53	3	22	2	2	2	999	999	1	594	
53	3	23	2	2	2	999	999	1	461	
53	3	24	2	6	5	999	999	1	525	
53	3	25	2	6	5	999	999	1	500	
53	3	26	2	1	4	999	999	1	557	
53	3	27	2	3	6	1	1	1	574	
53	3	28	2	3	6	1	1	1	450	
53	3	29	2	3	6	1	1	1	450	
53	3	30	2	3	6	1	1	1	334	
53	3	31	2	1	4	999	999	1	434	
53	3	32	2	5	3	999	999	1	512	
53	3	33	2	4	1	999	999	1	508	
53	3	34	2	5	3	999	999	1	450	
53	3	35	2	4	1	999	999	1	418	
53	3	36	2	2	2	999	999	1	514	
53	3	37	2	6	5	999	999	1	471	
53	3	38	2	3	6	1	1	1	590	
53	3	39	2	5	3	999	999	1	546	
53	3	40	2	4	1	999	999	1	402	
53	3	41	2	6	5	999	999	1	478	
53	3	42	2	3	6	1	1	1	594	
53	3	43	2	3	6	1	1	1	446	
53	3	44	2	2	2	999	999	1	498	
53	3	45	2	6	5	999	999	1	626	
53	3	46	2	2	2	999	999	1	690	
53	3	47	2	2	2	999	999	1	446	
53	3	48	2	6	5	999	999	1	514	
53	3	49	2	6	5	999	999	1	382	
53	3	50	2	4	1	999	999	1	706	
53	4	1	2	2	2	999	999	1	639	
53	4	2	2	3	6	1	1	1	386	
53	4	3	2	4	1	999	999	1	446	
53	4	4	2	3	6	1	1	1	535	
53	4	5	2	3	6	1	1	1	402	
53	4	6	2	6	5	999	999	1	434	
53	4	7	2	5	3	999	999	1	402	
53	4	8	2	5	3	999	999	0	398	
53	4	9	2	1	4	999	999	1	626	
53	4	10	2	2	2	999	999	1	594	
53	4	11	2	6	5	999	999	1	515	
53	4	12	2	4	1	999	999	1	515	
53	4	13	2	1	4	999	999	1	434	
53	4	14	2	6	5	999	999	1	558	
53	4	15	2	1	4	999	999	1	418	
53	4	16	2	4	1	999	999	1	446	
53	4	17	2	4	1	999	999	1	430	
53	4	18	2	1	4	999	999	1	526	
53	4	19	2	3	6	1	1	1	642	
53	4	20	2	3	6	1	1	1	418	
53	4	21	2	2	2	999	999	1	515	
53	4	22	2	5	3	999	999	1	606	
53	4	23	2	2	2	999	999	1	658	
53	4	24	2	3	6	1	1	1	562	
53	4	25	2	3	6	1	1	1	494	
53	4	26	2	4	1	999	999	1	658	
53	4	27	2	6	5	999	999	1	450	
53	4	28	2	1	4	999	999	1	610	
53	4	29	2	6	5	999	999	1	471	
53	4	30	2	1	4	999	999	1	530	
53	4	31	2	1	4	999	999	1	466	
53	4	32	2	3	6	1	1	1	498	
53	4	33	2	5	3	999	999	1	533	
53	4	34	2	6	5	999	999	1	430	
53	4	35	2	5	3	999	999	1	450	
53	4	36	2	4	1	999	999	1	882	
53	4	37	2	1	4	999	999	1	482	
53	4	38	2	3	6	1	1	1	658	
53	4	39	2	1	4	999	999	1	482	
53	4	40	2	1	4	999	999	1	466	
53	4	41	2	5	3	999	999	1	727	
53	4	42	2	5	3	999	999	1	610	
53	4	43	2	5	3	999	999	1	439	
53	4	44	2	5	3	999	999	1	558	
53	4	45	2	5	3	999	999	1	359	
53	4	46	2	1	4	999	999	1	642	
53	4	47	2	4	1	999	999	1	850	
53	4	48	2	4	1	999	999	1	386	
53	4	49	2	1	4	999	999	1	626	
53	4	50	2	6	5	999	999	1	526	
53	5	1	2	6	5	999	999	1	548	
53	5	2	2	4	1	999	999	1	695	
53	5	3	2	6	5	999	999	1	467	
53	5	4	2	6	5	999	999	1	498	
53	5	5	2	3	6	1	1	1	562	
53	5	6	2	4	1	999	999	1	750	
53	5	7	2	3	6	1	1	1	542	
53	5	8	2	3	6	1	1	1	546	
53	5	9	2	5	3	999	999	1	569	
53	5	10	2	3	6	1	1	1	647	
53	5	11	2	3	6	1	1	1	574	
53	5	12	2	6	5	999	999	1	510	
53	5	13	2	6	5	999	999	1	414	
53	5	14	2	3	6	1	1	1	487	
53	5	15	2	1	4	999	999	1	446	
53	5	16	2	3	6	1	1	1	510	
53	5	17	2	6	5	999	999	1	482	
53	5	18	2	5	3	999	999	1	471	
53	5	19	2	4	1	999	999	1	366	
53	5	20	2	6	5	999	999	1	391	
53	5	21	2	3	6	1	1	1	770	
53	5	22	2	6	5	999	999	1	514	
53	5	23	2	2	2	999	999	1	482	
53	5	24	2	3	6	1	1	1	450	
53	5	25	2	6	5	999	999	1	542	
53	5	26	2	6	5	999	999	1	402	
53	5	27	2	3	6	1	1	1	622	
53	5	28	2	6	5	999	999	1	439	
53	5	29	2	4	1	999	999	1	738	
53	5	30	2	4	1	999	999	1	402	
53	5	31	2	4	1	999	999	1	460	
53	5	32	2	5	3	999	999	1	466	
53	5	33	2	3	6	1	1	1	482	
53	5	34	2	6	5	999	999	1	567	
53	5	35	2	5	3	999	999	1	670	
53	5	36	2	3	6	1	1	1	530	
53	5	37	2	5	3	999	999	1	498	
53	5	38	2	4	1	999	999	1	594	
53	5	39	2	1	4	999	999	1	514	
53	5	40	2	5	3	999	999	1	606	
53	5	41	2	2	2	999	999	1	506	
53	5	42	2	4	1	999	999	1	546	
53	5	43	2	6	5	999	999	1	446	
53	5	44	2	2	2	999	999	1	626	
53	5	45	2	6	5	999	999	1	492	
53	5	46	2	2	2	999	999	1	494	
53	5	47	2	5	3	999	999	1	589	
53	5	48	2	6	5	999	999	1	458	
53	5	49	2	1	4	999	999	1	589	
53	5	50	2	4	1	999	999	1	658	
53	6	1	2	6	5	999	999	1	618	
53	6	2	2	2	2	999	999	1	466	
53	6	3	2	1	4	999	999	1	439	
53	6	4	2	1	4	999	999	1	434	
53	6	5	2	1	4	999	999	1	402	
53	6	6	2	1	4	999	999	1	370	
53	6	7	2	4	1	999	999	1	622	
53	6	8	2	4	1	999	999	1	447	
53	6	9	2	6	5	999	999	1	542	
53	6	10	2	6	5	999	999	1	398	
53	6	11	2	2	2	999	999	1	567	
53	6	12	2	4	1	999	999	1	914	
53	6	13	2	6	5	999	999	1	482	
53	6	14	2	6	5	999	999	1	371	
53	6	15	2	6	5	999	999	1	387	
53	6	16	2	6	5	999	999	1	376	
53	6	17	2	1	4	999	999	1	535	
53	6	18	2	5	3	999	999	1	562	
53	6	19	2	3	6	1	1	1	451	
53	6	20	2	2	2	999	999	1	467	
53	6	21	2	6	5	999	999	1	450	
53	6	22	2	4	1	999	999	1	574	
53	6	23	2	5	3	999	999	1	334	
53	6	24	2	5	3	999	999	1	494	
53	6	25	2	3	6	1	1	1	594	
53	6	26	2	4	1	999	999	1	546	
53	6	27	2	3	6	1	1	1	782	
53	6	28	2	6	5	999	999	1	446	
53	6	29	2	4	1	999	999	1	542	
53	6	30	2	5	3	999	999	1	446	
53	6	31	2	1	4	999	999	1	526	
53	6	32	2	1	4	999	999	1	446	
53	6	33	2	2	2	999	999	1	370	
53	6	34	2	5	3	999	999	1	503	
53	6	35	2	3	6	1	1	1	690	
53	6	36	2	2	2	999	999	1	578	
53	6	37	2	1	4	999	999	1	430	
53	6	38	2	4	1	999	999	1	734	
53	6	39	2	2	2	999	999	1	530	
53	6	40	2	5	3	999	999	1	631	
53	6	41	2	5	3	999	999	1	434	
53	6	42	2	4	1	999	999	1	562	
53	6	43	2	1	4	999	999	1	626	
53	6	44	2	1	4	999	999	1	478	
53	6	45	2	4	1	999	999	1	530	
53	6	46	2	1	4	999	999	1	526	
53	6	47	2	1	4	999	999	1	382	
53	6	48	2	5	3	999	999	1	599	
53	6	49	2	6	5	999	999	1	430	
53	6	50	2	4	1	999	999	1	647	
53	7	1	2	2	2	999	999	1	539	
53	7	2	2	3	6	1	1	1	489	
53	7	3	2	4	1	999	999	1	606	
53	7	4	2	1	4	999	999	1	530	
53	7	5	2	5	3	999	999	1	365	
53	7	6	2	1	4	1	999	0	450	
53	7	7	2	2	2	999	999	1	471	
53	7	8	2	2	2	999	999	1	546	
53	7	9	2	5	3	999	999	1	834	
53	7	10	2	1	4	999	999	1	466	
53	7	11	2	6	5	999	999	1	498	
53	7	12	2	4	1	999	999	0	510	
53	7	13	2	5	3	999	999	1	498	
53	7	14	2	4	1	999	999	1	503	
53	7	15	2	5	3	999	999	1	530	
53	7	16	2	5	3	999	999	1	478	
53	7	17	2	5	3	999	999	1	482	
53	7	18	2	2	2	999	999	1	722	
53	7	19	2	5	3	999	999	1	642	
53	7	20	2	2	2	999	999	1	578	
53	7	21	2	1	4	999	999	1	590	
53	7	22	2	1	4	999	999	1	462	
53	7	23	2	6	5	999	999	1	567	
53	7	24	2	3	6	1	1	1	674	
53	7	25	2	4	1	999	999	1	663	
53	7	26	2	1	4	999	999	1	567	
53	7	27	2	1	4	999	999	1	396	
53	7	28	2	3	6	1	1	1	514	
53	7	29	2	1	4	999	999	1	546	
53	7	30	2	5	3	999	999	1	503	
53	7	31	2	4	1	999	999	1	594	
53	7	32	2	3	6	1	1	1	562	
53	7	33	2	2	2	999	999	1	419	
53	7	34	2	5	3	999	999	1	1231	
53	7	35	2	6	5	999	999	1	424	
53	7	36	2	6	5	999	999	1	466	
53	7	37	2	2	2	999	999	1	768	
53	7	38	2	2	2	999	999	1	402	
53	7	39	2	3	6	1	1	1	530	
53	7	40	2	1	4	999	999	1	466	
53	7	41	2	4	1	999	999	1	947	
53	7	42	2	4	1	999	999	1	450	
53	7	43	2	5	3	999	999	1	462	
53	7	44	2	5	3	999	999	1	798	
53	7	45	2	1	4	999	999	1	594	
53	7	46	2	3	6	1	1	1	754	
53	7	47	2	4	1	999	999	1	1171	
53	7	48	2	2	2	999	999	1	546	
53	7	49	2	6	5	999	999	1	530	
53	7	50	2	6	5	999	999	1	659	
53	8	1	2	6	5	999	999	1	495	
53	8	2	2	6	5	999	999	1	450	
53	8	3	2	6	5	999	999	1	418	
53	8	4	2	4	1	999	999	1	510	
53	8	5	2	3	6	1	1	1	578	
53	8	6	2	1	4	999	999	1	434	
53	8	7	2	1	4	999	999	1	427	
53	8	8	2	2	2	999	999	1	369	
53	8	9	2	3	6	1	1	1	414	
53	8	10	2	1	4	999	999	1	462	
53	8	11	2	4	1	999	999	1	466	
53	8	12	2	2	2	999	999	1	498	
53	8	13	2	2	2	999	999	1	434	
53	8	14	2	5	3	999	999	1	578	
53	8	15	2	1	4	999	999	1	446	
53	8	16	2	1	4	999	999	1	414	
53	8	17	2	3	6	1	1	1	455	
53	8	18	2	3	6	1	1	1	494	
53	8	19	2	3	6	1	1	1	418	
53	8	20	2	2	2	999	999	1	387	
53	8	21	2	2	2	999	999	1	450	
53	8	22	2	2	2	999	999	1	334	
53	8	23	2	6	5	999	999	1	482	
53	8	24	2	1	4	999	999	1	551	
53	8	25	2	3	6	1	1	1	962	
53	8	26	2	1	4	999	999	1	594	
53	8	27	2	1	4	999	999	1	802	
53	8	28	2	6	5	999	999	1	482	
53	8	29	2	6	5	999	999	1	434	
53	8	30	2	2	2	999	999	1	546	
53	8	31	2	5	3	999	999	1	658	
53	8	32	2	6	5	999	999	1	514	
53	8	33	2	1	4	999	999	1	578	
53	8	34	2	6	5	999	999	1	466	
53	8	35	2	4	1	999	999	1	818	
53	8	36	2	4	1	999	999	1	546	
53	8	37	2	5	3	999	999	1	434	
53	8	38	2	1	4	999	999	1	594	
53	8	39	2	1	4	999	999	1	494	
53	8	40	2	3	6	1	1	1	418	
53	8	41	2	1	4	999	999	1	542	
53	8	42	2	6	5	999	999	1	488	
53	8	43	2	4	1	999	999	1	594	
53	8	44	2	3	6	1	1	1	674	
53	8	45	2	6	5	999	999	1	494	
53	8	46	2	1	4	999	999	1	434	
53	8	47	2	1	4	999	999	1	578	
53	8	48	2	2	2	999	999	1	402	
53	8	49	2	6	5	999	999	1	482	
53	8	50	2	4	1	999	999	1	579	
53	9	1	2	5	3	999	999	1	596	
53	9	2	2	3	6	1	1	1	498	
53	9	3	2	6	5	999	999	1	530	
53	9	4	2	3	6	1	1	1	498	
53	9	5	2	4	1	999	999	0	466	
53	9	6	2	4	1	999	999	1	514	
53	9	7	2	6	5	999	999	1	521	
53	9	8	2	5	3	999	999	1	434	
53	9	9	2	3	6	1	1	1	770	
53	9	10	2	1	4	999	999	1	530	
53	9	11	2	6	5	999	999	1	834	
53	9	12	2	5	3	999	999	1	562	
53	9	13	2	1	4	999	999	1	866	
53	9	14	2	1	4	999	999	1	514	
53	9	15	2	6	5	999	999	1	562	
53	9	16	2	5	3	999	999	1	610	
53	9	17	2	1	4	999	999	1	498	
53	9	18	2	3	6	1	1	1	574	
53	9	19	2	6	5	999	999	1	514	
53	9	20	2	5	3	999	999	1	1474	
53	9	21	2	5	3	999	999	1	562	
53	9	22	2	2	2	999	999	1	664	
53	9	23	2	5	3	999	999	1	670	
53	9	24	2	1	4	999	999	1	690	
53	9	25	2	1	4	999	999	1	590	
53	9	26	2	4	1	999	999	1	686	
53	9	27	2	5	3	999	999	1	546	
53	9	28	2	1	4	999	999	1	866	
53	9	29	2	4	1	999	999	1	647	
53	9	30	2	6	5	999	999	1	754	
53	9	31	2	5	3	999	999	1	450	
53	9	32	2	3	6	1	1	1	690	
53	9	33	2	3	6	1	1	1	418	
53	9	34	2	1	4	999	999	1	434	
53	9	35	2	2	2	999	999	1	318	
53	9	36	2	2	2	999	999	1	375	
53	9	37	2	4	1	999	999	1	727	
53	9	38	2	4	1	999	999	1	343	
53	9	39	2	5	3	999	999	1	380	
53	9	40	2	4	1	999	999	1	531	
53	9	41	2	1	4	999	999	1	578	
53	9	42	2	4	1	999	999	1	510	
53	9	43	2	5	3	999	999	1	446	
53	9	44	2	6	5	999	999	1	526	
53	9	45	2	2	2	999	999	1	578	
53	9	46	2	2	2	999	999	1	441	
53	9	47	2	1	4	999	999	1	1186	
53	9	48	2	1	4	999	999	1	487	
53	9	49	2	3	6	1	1	1	546	
53	9	50	2	3	6	1	1	1	494	
53	10	1	2	6	5	999	999	1	495	
53	10	2	2	5	3	999	999	1	382	
53	10	3	2	6	5	999	999	1	423	
53	10	4	2	5	3	999	999	1	690	
53	10	5	2	1	4	999	999	1	462	
53	10	6	2	3	6	1	1	1	430	
53	10	7	2	5	3	999	999	1	423	
53	10	8	2	1	4	999	999	0	446	
53	10	9	2	1	4	999	999	1	439	
53	10	10	2	1	4	999	999	1	350	
53	10	11	2	1	4	999	999	1	439	
53	10	12	2	1	4	999	999	1	402	
53	10	13	2	6	5	999	999	1	482	
53	10	14	2	1	4	999	999	1	510	
53	10	15	2	2	2	999	999	1	354	
53	10	16	2	3	6	1	1	1	434	
53	10	17	2	5	3	999	999	1	478	
53	10	18	2	2	2	999	999	1	558	
53	10	19	2	4	1	999	999	1	482	
53	10	20	2	1	4	999	999	1	434	
53	10	21	2	3	6	1	1	1	1106	
53	10	22	2	6	5	999	999	1	610	
53	10	23	2	1	4	999	999	1	542	
53	10	24	2	3	6	1	1	1	935	
53	10	25	2	4	1	999	999	0	546	
53	10	26	2	4	1	999	999	1	626	
53	10	27	2	3	6	1	1	1	594	
53	10	28	2	2	2	999	999	1	519	
53	10	29	2	2	2	999	999	1	398	
53	10	30	2	3	6	1	1	1	391	
53	10	31	2	2	2	999	999	1	530	
53	10	32	2	5	3	999	999	1	962	
53	10	33	2	1	4	999	999	1	439	
53	10	34	2	5	3	999	999	1	578	
53	10	35	2	4	1	999	999	1	514	
53	10	36	2	3	6	1	1	1	514	
53	10	37	2	4	1	1	999	0	382	
53	10	38	2	2	2	999	999	1	919	
53	10	39	2	5	3	999	999	1	706	
53	10	40	2	1	4	999	999	1	478	
53	10	41	2	6	5	999	999	1	450	
53	10	42	2	4	1	999	999	1	706	
53	10	43	2	6	5	999	999	1	455	
53	10	44	2	2	2	999	999	1	594	
53	10	45	2	6	5	999	999	1	450	
53	10	46	2	2	2	999	999	1	658	
53	10	47	2	1	4	999	999	1	494	
53	10	48	2	5	3	999	999	1	1538	
53	10	49	2	3	6	1	1	1	850	
53	10	50	2	5	3	999	999	1	818	
53	11	1	2	4	4	999	999	1	1358	
53	11	2	2	5	5	999	999	1	1110	
53	11	3	2	4	4	999	999	1	502	
53	11	4	2	1	6	999	999	1	978	
53	11	5	2	2	1	999	999	1	886	
53	11	6	2	2	1	999	999	1	737	
53	11	7	2	2	1	999	999	1	450	
53	11	8	2	3	3	1	1	1	1073	
53	11	9	2	6	2	999	999	1	1073	
53	11	10	2	1	6	999	999	1	754	
53	11	11	2	3	3	999	1	0	770	
53	11	12	2	3	3	1	1	1	1073	
53	11	13	2	4	4	999	999	1	1153	
53	11	14	2	3	3	1	1	1	818	
53	11	15	2	3	3	1	1	1	545	
53	11	16	2	2	1	999	999	1	721	
53	11	17	2	6	2	999	999	1	834	
53	11	18	2	3	3	1	1	1	897	
53	11	19	2	4	4	999	999	1	1090	
53	11	20	2	3	3	1	1	1	1229	
53	11	21	2	2	1	999	999	1	870	
53	11	22	2	3	3	1	1	1	561	
53	11	23	2	3	3	1	1	1	470	
53	11	24	2	3	3	1	1	1	390	
53	11	25	2	4	4	999	999	0	593	
53	11	26	2	4	4	999	999	1	673	
53	11	27	2	5	5	999	999	1	818	
53	11	28	2	1	6	999	999	1	658	
53	11	29	2	1	6	999	999	1	669	
53	11	30	2	3	3	1	1	1	1110	
53	11	31	2	2	1	999	999	1	782	
53	11	32	2	6	2	999	999	1	1121	
53	11	33	2	3	3	1	1	1	897	
53	11	34	2	4	4	999	999	1	1105	
53	11	35	2	4	4	999	999	1	386	
53	11	36	2	2	1	999	999	1	946	
53	11	37	2	3	3	1	1	1	993	
53	11	38	2	1	6	999	999	1	849	
53	11	39	2	3	3	1	1	1	1841	
53	11	40	2	6	2	999	999	1	1090	
53	11	41	2	1	6	999	999	1	993	
53	11	42	2	1	6	999	999	1	434	
53	11	43	2	5	5	999	999	1	1218	
53	11	44	2	6	2	999	999	1	802	
53	11	45	2	3	3	1	1	1	621	
53	11	46	2	2	1	999	999	1	546	
53	11	47	2	6	2	999	999	1	562	
53	11	48	2	1	6	999	999	1	593	
53	11	49	2	5	5	999	999	1	1473	
53	11	50	2	4	4	999	999	0	609	
53	12	1	2	1	6	999	999	1	765	
53	12	2	2	6	2	999	999	1	929	
53	12	3	2	3	3	1	1	1	614	
53	12	4	2	6	2	999	999	1	482	
53	12	5	2	1	6	999	999	1	589	
53	12	6	2	6	2	999	999	1	653	
53	12	7	2	6	2	999	999	1	557	
53	12	8	2	3	3	1	1	1	625	
53	12	9	2	2	1	999	999	1	652	
53	12	10	2	6	2	999	999	1	850	
53	12	11	2	2	1	999	999	1	690	
53	12	12	2	2	1	999	999	1	610	
53	12	13	2	4	4	999	999	1	1281	
53	12	14	2	1	6	999	999	1	1133	
53	12	15	2	5	5	999	999	1	657	
53	12	16	2	5	5	999	999	1	493	
53	12	17	2	1	6	999	999	1	710	
53	12	18	2	6	2	999	999	1	557	
53	12	19	2	3	3	1	1	1	642	
53	12	20	2	3	3	1	1	1	578	
53	12	21	2	5	5	999	999	1	594	
53	12	22	2	6	2	999	999	1	849	
53	12	23	2	1	6	999	999	1	658	
53	12	24	2	3	3	1	1	1	1025	
53	12	25	2	1	6	999	999	1	657	
53	12	26	2	4	4	999	999	1	929	
53	12	27	2	5	5	999	999	1	625	
53	12	28	2	4	4	999	999	1	657	
53	12	29	2	3	3	999	1	0	578	
53	12	30	2	4	4	999	999	1	865	
53	12	31	2	3	3	1	1	1	770	
53	12	32	2	5	5	999	999	1	801	
53	12	33	2	3	3	1	1	1	1617	
53	12	34	2	4	4	999	999	1	1169	
53	12	35	2	3	3	1	1	1	771	
53	12	36	2	6	2	999	999	1	685	
53	12	37	2	2	1	999	999	1	589	
53	12	38	2	5	5	999	999	1	594	
53	12	39	2	1	6	999	999	1	578	
53	12	40	2	5	5	999	999	1	573	
53	12	41	2	3	3	1	1	1	609	
53	12	42	2	3	3	1	1	1	497	
53	12	43	2	2	1	999	999	1	589	
53	12	44	2	1	6	999	999	1	573	
53	12	45	2	2	1	999	999	1	610	
53	12	46	2	4	4	999	999	1	1297	
53	12	47	2	1	6	999	999	1	679	
53	12	48	2	3	3	1	1	1	834	
53	12	49	2	3	3	1	1	1	557	
53	12	50	2	5	5	999	999	1	545	
53	13	1	2	5	5	999	999	1	841	
53	13	2	2	2	1	999	999	1	849	
53	13	3	2	2	1	999	999	1	530	
53	13	4	2	3	3	1	1	1	690	
53	13	5	2	1	6	999	999	0	514	
53	13	6	2	4	4	999	999	1	678	
53	13	7	2	5	5	999	999	1	530	
53	13	8	2	1	6	999	999	1	1206	
53	13	9	2	1	6	999	999	1	433	
53	13	10	2	1	6	999	999	1	438	
53	13	11	2	2	1	999	999	1	610	
53	13	12	2	1	6	999	999	1	566	
53	13	13	2	4	4	999	999	1	674	
53	13	14	2	6	2	999	999	1	562	
53	13	15	2	3	3	1	1	1	945	
53	13	16	2	6	2	999	999	1	674	
53	13	17	2	2	1	999	999	1	785	
53	13	18	2	2	1	999	999	1	498	
53	13	19	2	5	5	999	999	1	978	
53	13	20	2	1	6	999	999	1	690	
53	13	21	2	1	6	999	999	1	502	
53	13	22	2	6	2	999	999	1	566	
53	13	23	2	3	3	1	1	1	621	
53	13	24	2	5	5	999	999	1	1106	
53	13	25	2	3	3	1	1	1	1138	
53	13	26	2	3	3	1	1	1	738	
53	13	27	2	3	3	1	1	1	417	
53	13	28	2	4	4	999	999	1	662	
53	13	29	2	5	5	999	999	1	577	
53	13	30	2	5	5	999	999	1	514	
53	13	31	2	4	4	999	999	1	529	
53	13	32	2	6	2	999	999	1	566	
53	13	33	2	5	5	999	999	1	498	
53	13	34	2	2	1	999	999	1	692	
53	13	35	2	1	6	999	999	1	609	
53	13	36	2	3	3	1	1	1	625	
53	13	37	2	5	5	999	999	1	642	
53	13	38	2	5	5	999	999	1	514	
53	13	39	2	4	4	999	999	1	589	
53	13	40	2	5	5	999	999	1	486	
53	13	41	2	6	2	999	999	1	418	
53	13	42	2	5	5	999	999	1	509	
53	13	43	2	2	1	999	999	1	1025	
53	13	44	2	3	3	1	1	1	438	
53	13	45	2	4	4	999	999	1	714	
53	13	46	2	4	4	999	999	1	424	
53	13	47	2	4	4	999	999	1	529	
53	13	48	2	4	4	999	999	1	466	
53	13	49	2	3	3	1	1	1	1538	
53	13	50	2	5	5	999	999	1	625	
53	14	1	2	1	6	999	999	1	558	
53	14	2	2	6	2	999	999	1	625	
53	14	3	2	5	5	999	999	1	498	
53	14	4	2	2	1	999	999	1	1042	
53	14	5	2	2	1	999	999	1	482	
53	14	6	2	5	5	999	999	1	610	
53	14	7	2	2	1	999	999	1	498	
53	14	8	2	2	1	999	999	1	381	
53	14	9	2	4	4	999	999	1	561	
53	14	10	2	5	5	999	999	1	514	
53	14	11	2	3	3	1	1	1	786	
53	14	12	2	2	1	999	999	1	626	
53	14	13	2	5	5	999	999	1	610	
53	14	14	2	2	1	999	999	1	669	
53	14	15	2	5	5	999	999	1	593	
53	14	16	2	2	1	999	999	1	865	
53	14	17	2	2	1	999	999	1	381	
53	14	18	2	6	2	999	999	1	550	
53	14	19	2	2	1	999	999	1	550	
53	14	20	2	1	6	999	999	1	562	
53	14	21	2	6	2	999	999	1	578	
53	14	22	2	2	1	999	999	1	712	
53	14	23	2	4	4	999	999	1	1057	
53	14	24	2	2	1	999	999	1	898	
53	14	25	2	1	6	999	999	1	513	
53	14	26	2	5	5	999	999	1	1105	
53	14	27	2	6	2	999	999	1	605	
53	14	28	2	6	2	999	999	1	434	
53	14	29	2	5	5	999	999	1	646	
53	14	30	2	1	6	999	999	1	722	
53	14	31	2	3	3	1	1	1	946	
53	14	32	2	1	6	999	999	1	641	
53	14	33	2	6	2	999	999	1	599	
53	14	34	2	2	1	999	999	1	641	
53	14	35	2	1	6	999	999	1	513	
53	14	36	2	1	6	999	999	1	401	
53	14	37	2	1	6	999	999	1	349	
53	14	38	2	5	5	999	999	1	614	
53	14	39	2	6	2	999	999	1	594	
53	14	40	2	2	1	999	999	0	669	
53	14	41	2	2	1	999	999	1	509	
53	14	42	2	4	4	999	999	1	614	
53	14	43	2	1	6	999	999	1	833	
53	14	44	2	1	6	999	999	1	690	
53	14	45	2	2	1	999	999	1	434	
53	14	46	2	1	6	999	999	1	477	
53	14	47	2	2	1	999	999	1	349	
53	14	48	2	1	6	999	999	1	358	
53	14	49	2	3	3	1	1	1	625	
53	14	50	2	6	2	999	999	1	507	
53	15	1	2	1	6	999	999	1	766	
53	15	2	2	1	6	999	999	1	365	
53	15	3	2	6	2	999	999	1	561	
53	15	4	2	2	1	999	999	1	626	
53	15	5	2	3	3	1	1	1	897	
53	15	6	2	2	1	999	999	1	690	
53	15	7	2	2	1	999	999	1	450	
53	15	8	2	6	2	999	999	1	614	
53	15	9	2	5	5	999	999	1	641	
53	15	10	2	2	1	999	999	1	801	
53	15	11	2	2	1	999	999	1	481	
53	15	12	2	1	6	999	999	1	625	
53	15	13	2	4	4	999	999	1	717	
53	15	14	2	1	6	999	999	1	705	
53	15	15	2	1	6	999	999	1	477	
53	15	16	2	2	1	999	999	1	658	
53	15	17	2	5	5	999	999	1	658	
53	15	18	2	3	3	1	1	1	1234	
53	15	19	2	2	1	999	999	1	530	
53	15	20	2	2	1	999	999	1	833	
53	15	21	2	2	1	999	999	1	529	
53	15	22	2	2	1	999	999	1	413	
53	15	23	2	1	6	999	999	1	545	
53	15	24	2	5	5	999	999	1	621	
53	15	25	2	4	4	999	999	1	834	
53	15	26	2	4	4	999	999	1	658	
53	15	27	2	1	6	999	999	1	642	
53	15	28	2	1	6	999	999	1	386	
53	15	29	2	5	5	999	999	1	673	
53	15	30	2	4	4	999	999	1	593	
53	15	31	2	1	6	999	999	1	641	
53	15	32	2	4	4	999	999	1	658	
53	15	33	2	4	4	999	999	1	413	
53	15	34	2	5	5	999	999	1	482	
53	15	35	2	4	4	999	999	1	530	
53	15	36	2	6	2	999	999	1	562	
53	15	37	2	6	2	999	999	1	417	
53	15	38	2	5	5	999	999	1	530	
53	15	39	2	4	4	999	999	1	550	
53	15	40	2	1	6	999	999	1	945	
53	15	41	2	6	2	999	999	1	514	
53	15	42	2	6	2	999	999	1	529	
53	15	43	2	2	1	999	999	1	726	
53	15	44	2	5	5	999	999	1	738	
53	15	45	2	3	3	999	1	0	721	
53	15	46	2	4	4	999	999	1	726	
53	15	47	2	2	1	999	999	1	946	
53	15	48	2	5	5	999	999	1	609	
53	15	49	2	1	6	999	999	1	626	
53	15	50	2	5	5	999	999	1	562	
