84	1	1	4	999	999	999	1	1573	1436	
84	1	2	4	999	999	999	1	1335	1870	
84	1	3	4	999	999	999	1	901	1828	
84	1	4	4	999	999	999	1	943	1472	
84	1	5	4	999	999	999	1	995	1953	
84	1	6	4	999	999	999	1	866	1959	
84	1	7	4	999	1	1	1	1612	1643	
84	1	8	4	999	1	1	1	680	1960	
84	1	9	4	999	999	999	1	1181	1689	
84	1	10	4	999	999	999	1	714	1691	
84	1	11	4	999	999	999	1	1000	1159	
84	1	12	4	999	999	999	1	1132	1909	
84	1	13	4	999	999	999	1	750	1985	
84	1	14	4	999	1	1	1	1106	1112	
84	1	15	4	999	999	999	1	827	1785	
84	1	16	4	999	999	999	1	1114	1999	
84	1	17	4	999	1	1	1	932	1944	
84	1	18	4	999	1	1	1	811	1160	
84	1	19	4	999	999	999	1	827	1944	
84	1	20	4	999	999	999	1	571	1045	
84	2	1	4	999	999	999	1	827	1936	
84	2	2	4	999	1	1	1	819	1159	
84	2	3	4	999	1	1	1	1068	1576	
84	2	4	4	999	999	999	1	1067	1511	
84	2	5	4	999	999	999	1	1612	1096	
84	2	6	4	999	999	999	1	859	1327	
84	2	7	4	999	999	999	1	596	1637	
84	2	8	4	999	999	999	1	1214	1996	
84	2	9	4	999	999	999	1	551	1825	
84	2	10	4	999	999	999	1	1362	1272	
84	2	11	4	999	1	1	1	667	1599	
84	2	12	4	999	999	999	1	628	1738	
84	2	13	4	999	999	999	1	729	1289	
84	2	14	4	999	1	1	1	778	1493	
84	2	15	4	999	999	999	1	878	1948	
84	2	16	4	999	999	999	1	551	1120	
84	2	17	4	999	999	999	1	787	1922	
84	2	18	4	999	999	999	1	609	1879	
84	2	19	4	999	999	999	1	1068	1686	
84	2	20	4	999	999	999	1	1277	1165	
84	3	1	4	999	999	999	1	1560	1920	
84	3	2	4	999	999	999	1	1075	1209	
84	3	3	4	999	999	999	1	1066	1832	
84	3	4	4	999	999	999	1	827	1034	
84	3	5	4	999	999	999	1	537	1746	
84	3	6	4	999	999	999	1	513	1655	
84	3	7	4	999	999	999	1	956	1920	
84	3	8	4	999	999	999	1	659	1532	
84	3	9	4	999	999	999	1	1047	1630	
84	3	10	4	999	999	999	1	565	1276	
84	3	11	4	999	1	1	1	823	1497	
84	3	12	4	999	999	999	1	648	1601	
84	3	13	4	999	999	999	1	626	1066	
84	3	14	4	999	999	999	1	841	1525	
84	3	15	4	999	999	999	1	1150	1631	
84	3	16	4	999	999	999	1	724	1827	
84	3	17	4	999	999	999	1	640	1315	
84	3	18	4	999	999	999	1	1152	1745	
84	3	19	4	999	999	999	1	690	1400	
84	3	20	4	999	999	999	1	1099	1934	
84	4	1	4	999	999	999	1	952	1903	
84	4	2	4	999	999	999	1	1044	1666	
84	4	3	4	999	999	999	1	753	1402	
84	4	4	4	999	999	999	1	649	1287	
84	4	5	4	999	999	999	1	924	1120	
84	4	6	4	999	999	999	1	579	1915	
84	4	7	4	999	999	999	1	584	1248	
84	4	8	4	999	1	1	1	1027	1395	
84	4	9	4	999	999	999	1	864	1525	
84	4	10	4	999	999	999	1	1022	1504	
84	4	11	4	999	999	999	1	723	1065	
84	4	12	4	999	999	999	1	1050	1402	
84	4	13	4	999	999	999	1	937	1440	
84	4	14	4	999	999	999	1	754	1338	
84	4	15	4	999	999	999	1	552	1998	
84	4	16	4	999	999	999	1	981	1598	
84	4	17	4	999	999	999	1	549	1452	
84	4	18	4	999	999	999	1	1239	1713	
84	4	19	4	999	1	1	1	866	1704	
84	4	20	4	999	1	1	1	603	1911	
84	5	1	4	999	999	999	1	1464	1918	
84	5	2	4	999	999	999	1	1301	1816	
84	5	3	4	999	1	1	1	843	1857	
84	5	4	4	999	999	999	1	770	1407	
84	5	5	4	999	999	999	1	1156	1455	
84	5	6	4	999	1	1	1	820	1220	
84	5	7	4	999	999	999	1	975	1648	
84	5	8	4	999	1	1	1	947	1799	
84	5	9	4	999	1	1	1	988	1449	
84	5	10	4	999	999	999	1	1098	1397	
84	5	11	4	999	999	999	1	1438	1281	
84	5	12	4	999	999	999	1	706	1936	
84	5	13	4	999	999	999	1	563	1552	
84	5	14	4	999	999	999	1	1282	1202	
84	5	15	4	999	1	1	1	1025	1480	
84	5	16	4	999	1	1	1	635	1307	
84	5	17	4	999	1	1	1	792	1178	
84	5	18	4	999	999	999	1	774	1384	
84	5	19	4	999	1	1	1	603	1980	
84	5	20	4	999	999	999	1	839	1545	
84	6	1	4	999	999	999	1	1112	1012	
84	6	2	4	999	999	999	1	591	1082	
84	6	3	4	999	999	999	1	857	1032	
84	6	4	4	999	999	999	1	1019	1923	
84	6	5	4	999	999	999	1	768	1500	
84	6	6	4	999	999	999	1	887	1327	
84	6	7	4	999	999	999	1	2260	1907	
84	6	8	4	999	999	999	1	448	1851	
84	6	9	4	999	999	999	1	584	1356	
84	6	10	4	999	1	1	1	711	1538	
84	6	11	4	999	999	999	1	513	1387	
84	6	12	4	999	1	1	1	952	1383	
84	6	13	4	999	999	999	1	764	1058	
84	6	14	4	999	999	999	1	961	1027	
84	6	15	4	999	1	1	1	800	1272	
84	6	16	4	999	999	999	1	875	1715	
84	6	17	4	999	999	999	1	736	1352	
84	6	18	4	999	999	999	1	568	1495	
84	6	19	4	999	1	1	1	732	1877	
84	6	20	4	999	999	999	1	718	1679	
84	7	1	4	999	999	999	1	1336	1749	
84	7	2	4	999	999	999	1	574	1535	
84	7	3	4	999	1	1	1	804	1531	
84	7	4	4	999	1	1	1	472	1250	
84	7	5	4	999	999	999	1	1248	1021	
84	7	6	4	999	999	999	1	1014	1129	
84	7	7	4	999	999	999	1	631	1081	
84	7	8	4	999	999	999	1	762	1046	
84	7	9	4	999	999	999	1	717	1714	
84	7	10	4	999	999	999	1	321	1151	
84	7	11	4	999	999	999	1	260	1391	
84	7	12	4	999	1	1	1	260	1822	
84	7	13	4	999	999	999	1	213	1633	
84	7	14	4	999	999	999	1	226	1866	
84	7	15	4	999	999	999	1	249	1836	
84	7	16	4	999	999	999	0	263	1975	
84	7	17	4	999	999	999	1	412	1350	
84	7	18	4	999	999	999	1	301	1426	
84	7	19	4	999	999	999	1	289	1810	
84	7	20	4	999	999	999	1	193	1041	
84	8	1	4	999	999	999	1	440	1706	
84	8	2	4	999	1	1	1	297	1380	
84	8	3	4	999	999	999	1	255	1220	
84	8	4	4	999	999	999	1	319	1201	
84	8	5	4	999	999	999	1	418	1302	
84	8	6	4	999	999	999	1	253	1162	
84	8	7	4	999	999	999	1	329	1993	
84	8	8	4	999	1	1	1	410	1773	
84	8	9	4	999	999	999	1	326	1009	
84	8	10	4	999	1	1	1	418	1599	
84	8	11	4	999	999	999	1	324	1567	
84	8	12	4	999	1	1	1	244	1716	
84	8	13	4	999	999	999	1	303	1463	
84	8	14	4	999	999	999	1	348	1408	
84	8	15	4	999	999	999	1	387	1398	
84	8	16	4	999	1	1	1	285	1129	
84	8	17	4	999	999	999	1	298	1563	
84	8	18	4	999	999	999	1	888	1698	
84	8	19	4	999	999	999	1	369	1458	
84	8	20	4	999	999	999	1	257	1755	
84	9	1	4	999	999	999	1	568	1978	
84	9	2	4	999	999	999	1	265	1466	
84	9	3	4	999	999	999	1	233	1734	
84	9	4	4	999	999	999	1	669	1474	
84	9	5	4	999	999	999	1	513	1638	
84	9	6	4	999	999	999	1	285	1102	
84	9	7	4	999	999	999	1	293	1726	
84	9	8	4	999	1	1	1	517	1809	
84	9	9	4	999	999	999	1	274	1241	
84	9	10	4	999	999	999	1	330	1887	
84	9	11	4	999	999	999	1	292	1955	
84	9	12	4	999	999	999	1	304	1420	
84	9	13	4	999	999	999	1	295	1752	
84	9	14	4	999	999	999	1	299	1488	
84	9	15	4	999	1	1	1	259	1453	
84	9	16	4	999	1	1	1	356	1614	
84	9	17	4	999	999	999	1	261	1898	
84	9	18	4	999	1	1	1	265	1470	
84	9	19	4	999	999	999	1	245	1269	
84	9	20	4	999	999	999	1	302	1832	
84	10	1	4	999	999	999	1	328	1674	
84	10	2	4	999	999	999	1	297	1782	
84	10	3	4	999	999	999	1	461	1970	
84	10	4	4	999	999	999	1	641	1159	
84	10	5	4	999	999	999	1	316	1842	
84	10	6	4	999	999	999	1	609	1267	
84	10	7	4	999	999	999	1	448	1134	
84	10	8	4	999	999	999	1	389	1822	
84	10	9	4	999	999	999	1	245	1426	
84	10	10	4	999	999	999	1	225	1158	
84	10	11	4	999	1	1	1	349	1860	
84	10	12	4	999	999	999	1	287	1684	
84	10	13	4	999	999	999	1	287	1218	
84	10	14	4	999	999	999	1	289	1579	
84	10	15	4	999	999	999	1	360	1256	
84	10	16	4	999	999	999	1	283	1753	
84	10	17	4	999	999	999	1	359	1276	
84	10	18	4	999	999	999	1	375	1043	
84	10	19	4	999	1	1	1	432	1954	
84	10	20	4	999	999	999	1	369	1675	
84	11	1	4	999	999	999	1	502	1421	
84	11	2	4	999	999	999	1	262	1957	
84	11	3	4	999	999	999	1	301	1593	
84	11	4	4	999	999	999	1	266	1238	
84	11	5	4	999	1	1	1	253	1744	
84	11	6	4	999	1	1	1	371	1113	
84	11	7	4	999	999	999	1	490	1334	
84	11	8	4	999	999	999	1	445	1871	
84	11	9	4	999	999	999	1	324	1096	
84	11	10	4	999	999	999	1	507	1200	
84	11	11	4	999	999	999	1	323	1351	
84	11	12	4	999	999	999	1	284	1142	
84	11	13	4	999	999	999	1	573	1598	
84	11	14	4	999	999	999	1	293	1293	
84	11	15	4	999	999	999	1	358	1334	
84	11	16	4	999	999	999	1	285	1260	
84	11	17	4	999	999	999	1	583	1136	
84	11	18	4	999	999	999	1	339	1361	
84	11	19	4	999	999	1	0	338	1989	
84	11	20	4	999	999	999	1	318	1577	
84	12	1	4	999	999	999	1	392	1860	
84	12	2	4	999	1	1	1	431	1760	
84	12	3	4	999	999	999	1	323	1535	
84	12	4	4	999	999	999	1	260	1082	
84	12	5	4	999	999	999	1	281	1687	
84	12	6	4	999	999	999	1	284	1740	
84	12	7	4	999	999	999	1	311	1210	
84	12	8	4	999	999	999	1	281	1907	
84	12	9	4	999	999	999	1	256	1798	
84	12	10	4	999	999	999	1	365	1939	
84	12	11	4	999	999	999	1	319	1768	
84	12	12	4	999	999	999	1	395	1824	
84	12	13	4	999	1	1	1	483	1142	
84	12	14	4	999	999	999	1	333	1887	
84	12	15	4	999	999	999	1	340	1976	
84	12	16	4	999	999	999	1	619	1745	
84	12	17	4	999	999	999	1	482	1932	
84	12	18	4	999	999	999	1	391	1505	
84	12	19	4	999	999	999	1	322	1115	
84	12	20	4	999	999	999	1	488	1223	
84	13	1	4	999	999	999	1	1478	1146	
84	13	2	4	999	999	999	1	553	1604	
84	13	3	4	999	999	999	1	271	1489	
84	13	4	4	999	999	999	1	562	1954	
84	13	5	4	999	999	999	1	321	1031	
84	13	6	4	999	999	999	1	572	1384	
84	13	7	4	999	999	999	1	427	1911	
84	13	8	4	999	999	1	0	300	1269	
84	13	9	4	999	1	1	1	558	1596	
84	13	10	4	999	999	999	1	375	1941	
84	13	11	4	999	1	1	1	334	1210	
84	13	12	4	999	1	1	1	409	1646	
84	13	13	4	999	1	1	1	309	1115	
84	13	14	4	999	999	999	1	392	1754	
84	13	15	4	999	999	999	1	313	1735	
84	13	16	4	999	999	999	1	348	1200	
84	13	17	4	999	999	999	1	371	1633	
84	13	18	4	999	999	999	1	306	1198	
84	13	19	4	999	1	1	1	338	1845	
84	13	20	4	999	999	999	1	318	1187	
84	14	1	4	999	999	999	1	566	1454	
84	14	2	4	999	999	999	1	485	1037	
84	14	3	4	999	999	999	1	326	1419	
84	14	4	4	999	999	999	1	312	1504	
84	14	5	4	999	999	999	1	451	1653	
84	14	6	4	999	999	999	1	670	1928	
84	14	7	4	999	999	999	1	395	1350	
84	14	8	4	999	999	999	1	301	1189	
84	14	9	4	999	1	1	1	315	1567	
84	14	10	4	999	999	999	1	244	1913	
84	14	11	4	999	1	1	1	218	1046	
84	14	12	4	999	999	999	1	301	1920	
84	14	13	4	999	999	999	1	224	1300	
84	14	14	4	999	999	999	1	271	1930	
84	14	15	4	999	999	999	1	249	1933	
84	14	16	4	999	1	1	1	230	1515	
84	14	17	4	999	1	1	1	248	1223	
84	14	18	4	999	999	999	1	220	1304	
84	14	19	4	999	999	999	1	251	1950	
84	14	20	4	999	999	999	1	261	1435	
84	15	1	4	999	999	999	1	534	1470	
84	15	2	4	999	999	999	1	229	1255	
84	15	3	4	999	1	1	1	524	1050	
84	15	4	4	999	1	1	1	281	1279	
84	15	5	4	999	999	999	1	260	1442	
84	15	6	4	999	999	999	1	241	1389	
84	15	7	4	999	999	999	1	246	1709	
84	15	8	4	999	1	1	1	246	1288	
84	15	9	4	999	999	999	1	283	1306	
84	15	10	4	999	999	999	1	697	1204	
84	15	11	4	999	1	1	1	271	1410	
84	15	12	4	999	999	999	1	257	1844	
84	15	13	4	999	999	999	1	303	1494	
84	15	14	4	999	999	999	1	541	1591	
84	15	15	4	999	1	1	1	252	1157	
84	15	16	4	999	999	999	1	270	1968	
84	15	17	4	999	999	999	1	291	1203	
84	15	18	4	999	1	1	1	320	1329	
84	15	19	4	999	999	999	1	257	1969	
84	15	20	4	999	999	999	1	306	1822	
84	16	1	4	999	1	1	1	1160	1898	
84	16	2	4	999	999	999	1	249	1588	
84	16	3	4	999	999	999	1	399	1377	
84	16	4	4	999	999	999	1	770	1211	
84	16	5	4	999	999	999	1	280	1807	
84	16	6	4	999	1	1	1	275	1429	
84	16	7	4	999	999	999	1	222	1933	
84	16	8	4	999	999	999	1	278	1078	
84	16	9	4	999	999	999	1	413	1423	
84	16	10	4	999	999	999	1	244	1304	
84	16	11	4	999	999	999	1	315	1700	
84	16	12	4	999	999	999	1	255	1007	
84	16	13	4	999	999	999	1	324	1009	
84	16	14	4	999	999	999	1	242	1555	
84	16	15	4	999	999	999	1	224	1759	
84	16	16	4	999	999	999	1	225	1725	
84	16	17	4	999	999	999	1	294	1090	
84	16	18	4	999	1	1	1	289	1916	
84	16	19	4	999	999	999	1	327	1707	
84	16	20	4	999	999	999	1	248	1596	
84	17	1	4	999	999	999	1	1492	1957	
84	17	2	4	999	1	1	1	970	1008	
84	17	3	4	999	999	999	1	655	1155	
84	17	4	4	999	999	999	1	716	1125	
84	17	5	4	999	999	999	1	714	1167	
84	17	6	4	999	1	1	1	1184	1849	
84	17	7	4	999	999	999	1	1206	1232	
84	17	8	4	999	999	999	1	1053	1463	
84	17	9	4	999	999	999	1	1064	1044	
84	17	10	4	999	999	999	1	443	1340	
84	17	11	4	999	999	999	1	1011	1079	
84	17	12	4	999	1	1	1	840	1894	
84	17	13	4	999	999	999	1	553	1175	
84	17	14	4	999	999	999	1	552	1779	
84	17	15	4	999	999	999	1	1132	1356	
84	17	16	4	999	999	999	1	803	1347	
84	17	17	4	999	999	999	1	492	1915	
84	17	18	4	999	999	999	1	740	1350	
84	17	19	4	999	1	1	1	873	1737	
84	17	20	4	999	999	999	1	918	1893	
84	18	1	4	999	1	1	1	770	1883	
84	18	2	4	999	999	999	1	452	1632	
84	18	3	4	999	999	999	1	655	1412	
84	18	4	4	999	999	999	1	619	1238	
84	18	5	4	999	999	999	1	569	1464	
84	18	6	4	999	1	1	1	823	1090	
84	18	7	4	999	999	999	1	731	1586	
84	18	8	4	999	999	999	1	445	1234	
84	18	9	4	999	999	999	1	477	1309	
84	18	10	4	999	999	999	1	754	1584	
84	18	11	4	999	999	999	1	814	1981	
84	18	12	4	999	999	999	1	754	1373	
84	18	13	4	999	1	1	1	1010	1836	
84	18	14	4	999	999	999	1	579	1861	
84	18	15	4	999	999	999	1	490	1332	
84	18	16	4	999	999	999	1	459	1284	
84	18	17	4	999	999	999	1	555	1725	
84	18	18	4	999	999	999	1	530	1060	
84	18	19	4	999	1	1	1	1113	1894	
84	18	20	4	999	999	999	1	761	1240	
84	19	1	4	999	999	999	1	757	1425	
84	19	2	4	999	999	999	1	510	1212	
84	19	3	4	999	999	999	1	531	1934	
84	19	4	4	999	999	999	1	417	1654	
84	19	5	4	999	999	999	1	425	1649	
84	19	6	4	999	999	999	1	638	1737	
84	19	7	4	999	1	1	1	998	1235	
84	19	8	4	999	999	999	1	1420	1578	
84	19	9	4	999	999	999	1	1381	1876	
84	19	10	4	999	999	999	1	683	1946	
84	19	11	4	999	999	999	1	1013	1598	
84	19	12	4	999	999	999	1	625	1207	
84	19	13	4	999	999	999	1	696	1851	
84	19	14	4	999	999	999	1	996	1539	
84	19	15	4	999	999	999	1	476	1336	
84	19	16	4	999	999	999	1	567	1375	
84	19	17	4	999	999	999	1	848	1083	
84	19	18	4	999	999	999	1	644	1111	
84	19	19	4	999	999	999	1	840	1781	
84	19	20	4	999	999	999	1	538	1057	
84	20	1	4	999	999	999	1	980	1350	
84	20	2	4	999	999	999	1	441	1644	
84	20	3	4	999	999	999	1	483	1778	
84	20	4	4	999	999	999	1	749	1870	
84	20	5	4	999	1	1	1	849	1191	
84	20	6	4	999	999	999	1	1096	1010	
84	20	7	4	999	999	999	1	605	1189	
84	20	8	4	999	999	999	1	1226	1568	
84	20	9	4	999	999	999	1	748	1416	
84	20	10	4	999	999	999	1	791	1476	
84	20	11	4	999	1	1	1	1275	1393	
84	20	12	4	999	999	999	1	1275	1550	
84	20	13	4	999	999	999	1	961	1596	
84	20	14	4	999	999	999	1	1011	1194	
84	20	15	4	999	1	1	1	981	1782	
84	20	16	4	999	999	999	1	934	1352	
84	20	17	4	999	999	999	1	487	1569	
84	20	18	4	999	999	999	1	603	1711	
84	20	19	4	999	999	999	1	928	1263	
84	20	20	4	999	999	999	1	592	1154	
84	21	1	4	999	999	999	1	850	1940	
84	21	2	4	999	999	999	1	603	1463	
84	21	3	4	999	999	999	1	552	1764	
84	21	4	4	999	999	999	1	1259	1273	
84	21	5	4	999	999	999	1	644	1577	
84	21	6	4	999	999	999	1	598	1276	
84	21	7	4	999	999	1	0	1091	1722	
84	21	8	4	999	999	999	1	1010	1670	
84	21	9	4	999	999	999	1	681	1117	
84	21	10	4	999	999	999	1	514	1868	
84	21	11	4	999	999	999	1	1107	1593	
84	21	12	4	999	999	999	1	566	1444	
84	21	13	4	999	999	999	1	619	1462	
84	21	14	4	999	999	999	1	937	1345	
84	21	15	4	999	999	999	1	606	1349	
84	21	16	4	999	999	999	1	986	1336	
84	21	17	4	999	999	999	1	932	1275	
84	21	18	4	999	999	999	1	452	1709	
84	21	19	4	999	999	999	1	594	1978	
84	21	20	4	999	999	999	1	501	1228	
84	22	1	4	999	999	999	1	1205	1491	
84	22	2	4	999	999	999	1	1116	1345	
84	22	3	4	999	999	999	1	795	1979	
84	22	4	4	999	999	999	1	580	1642	
84	22	5	4	999	999	999	1	405	1807	
84	22	6	4	999	999	999	1	912	1537	
84	22	7	4	999	999	999	1	1006	1873	
84	22	8	4	999	999	999	1	1134	1239	
84	22	9	4	999	999	999	1	1064	1185	
84	22	10	4	999	1	1	1	1422	1953	
84	22	11	4	999	999	999	1	523	1692	
84	22	12	4	999	999	999	1	403	1324	
84	22	13	4	999	999	999	1	947	1355	
84	22	14	4	999	999	999	1	484	1153	
84	22	15	4	999	999	999	1	606	1486	
84	22	16	4	999	999	999	1	737	1340	
84	22	17	4	999	999	999	1	675	1313	
84	22	18	4	999	999	999	1	366	1091	
84	22	19	4	999	999	999	1	828	1820	
84	22	20	4	999	999	999	1	979	1372	
84	23	1	4	999	999	999	1	1138	1818	
84	23	2	4	999	999	999	1	517	1609	
84	23	3	4	999	1	1	1	678	1274	
84	23	4	4	999	999	999	1	693	1644	
84	23	5	4	999	999	999	1	803	1895	
84	23	6	4	999	999	999	1	424	1939	
84	23	7	4	999	999	999	1	1244	1946	
84	23	8	4	999	999	999	1	355	1023	
84	23	9	4	999	999	999	1	880	1336	
84	23	10	4	999	999	999	1	599	1204	
84	23	11	4	999	999	999	1	491	1946	
84	23	12	4	999	999	999	1	597	1515	
84	23	13	4	999	999	999	1	484	1199	
84	23	14	4	999	999	999	1	448	1920	
84	23	15	4	999	999	1	0	783	1902	
84	23	16	4	999	999	999	1	657	1766	
84	23	17	4	999	999	999	1	857	1307	
84	23	18	4	999	999	999	1	1060	1490	
84	23	19	4	999	999	999	1	781	1456	
84	23	20	4	999	999	999	1	556	1565	
84	24	1	4	999	999	999	1	1042	1748	
84	24	2	4	999	999	999	1	459	1710	
84	24	3	4	999	999	999	1	625	1769	
84	24	4	4	999	1	1	1	598	1339	
84	24	5	4	999	999	999	1	532	1374	
84	24	6	4	999	999	999	1	433	1266	
84	24	7	4	999	999	999	1	589	1013	
84	24	8	4	999	999	999	1	586	1658	
84	24	9	4	999	999	999	1	1045	1307	
84	24	10	4	999	999	999	1	692	1236	
84	24	11	4	999	999	999	0	632	1880	
84	24	12	4	999	999	999	0	455	1731	
84	24	13	4	999	999	999	1	1628	1432	
84	24	14	4	999	999	999	1	919	1586	
84	24	15	4	999	1	1	1	1181	1073	
84	24	16	4	999	999	999	1	894	1908	
84	24	17	4	999	1	1	1	779	1899	
84	24	18	4	999	999	999	1	1012	1673	
84	24	19	4	999	999	999	1	982	1817	
84	24	20	4	999	999	999	1	1059	1179	
84	25	1	4	999	999	999	1	658	1625	
84	25	2	4	999	999	999	1	854	1748	
84	25	3	4	999	999	999	1	507	1344	
84	25	4	4	999	999	999	1	575	1677	
84	25	5	4	999	999	999	1	834	1792	
84	25	6	4	999	999	999	1	703	1447	
84	25	7	4	999	999	999	1	776	1411	
84	25	8	4	999	999	999	1	508	1172	
84	25	9	4	999	999	999	1	523	1348	
84	25	10	4	999	999	999	1	699	1303	
84	25	11	4	999	999	999	1	664	1783	
84	25	12	4	999	999	999	1	488	1579	
84	25	13	4	999	999	999	1	692	1506	
84	25	14	4	999	999	999	1	829	1234	
84	25	15	4	999	999	999	1	666	1745	
84	25	16	4	999	999	999	1	798	1449	
84	25	17	4	999	1	1	1	470	1245	
84	25	18	4	999	999	999	1	690	1052	
84	25	19	4	999	999	999	1	451	1596	
84	25	20	4	999	999	999	1	1043	1477	
84	26	1	4	999	1	1	1	948	1811	
84	26	2	4	999	999	999	1	524	1960	
84	26	3	4	999	999	999	1	743	1151	
84	26	4	4	999	999	999	1	512	1998	
84	26	5	4	999	1	1	1	1230	1211	
84	26	6	4	999	999	999	1	548	1047	
84	26	7	4	999	999	999	1	536	1241	
84	26	8	4	999	999	999	1	582	1485	
84	26	9	4	999	999	999	1	722	1725	
84	26	10	4	999	999	999	1	674	1800	
84	26	11	4	999	999	999	1	967	1211	
84	26	12	4	999	999	999	1	596	1055	
84	26	13	4	999	999	999	1	736	1391	
84	26	14	4	999	999	999	1	576	1589	
84	26	15	4	999	999	999	1	570	1424	
84	26	16	4	999	999	999	1	866	1966	
84	26	17	4	999	1	1	1	1329	1518	
84	26	18	4	999	999	999	1	465	1179	
84	26	19	4	999	999	999	1	708	1758	
84	26	20	4	999	999	999	1	625	1111	
84	27	1	4	999	999	999	1	1154	1179	
84	27	2	4	999	999	999	1	564	1226	
84	27	3	4	999	999	999	1	453	1103	
84	27	4	4	999	999	999	1	1056	1531	
84	27	5	4	999	999	999	1	564	1711	
84	27	6	4	999	999	999	1	640	1776	
84	27	7	4	999	999	999	1	591	1872	
84	27	8	4	999	1	1	1	623	1904	
84	27	9	4	999	999	999	1	543	1219	
84	27	10	4	999	1	1	1	604	1762	
84	27	11	4	999	999	999	1	701	1485	
84	27	12	4	999	999	999	1	418	1047	
84	27	13	4	999	999	999	1	872	1072	
84	27	14	4	999	999	999	1	719	1513	
84	27	15	4	999	999	999	1	870	1885	
84	27	16	4	999	999	999	1	722	1421	
84	27	17	4	999	999	1	0	546	1406	
84	27	18	4	999	999	999	1	1025	1245	
84	27	19	4	999	999	999	1	1106	1026	
84	27	20	4	999	999	999	1	668	1625	
84	28	1	4	999	999	999	1	948	1622	
84	28	2	4	999	999	999	1	617	1568	
84	28	3	4	999	999	999	1	1279	1381	
84	28	4	4	999	999	999	1	554	1901	
84	28	5	4	999	999	999	1	1218	1885	
84	28	6	4	999	1	1	1	1250	1978	
84	28	7	4	999	999	999	1	565	1435	
84	28	8	4	999	999	999	1	404	1629	
84	28	9	4	999	999	999	1	530	1629	
84	28	10	4	999	999	999	1	594	1366	
84	28	11	4	999	999	999	1	1017	1190	
84	28	12	4	999	1	1	1	1129	1833	
84	28	13	4	999	999	999	1	726	1049	
84	28	14	4	999	999	999	1	505	1511	
84	28	15	4	999	999	999	1	552	1667	
84	28	16	4	999	999	999	1	492	1673	
84	28	17	4	999	999	999	1	550	1613	
84	28	18	4	999	999	999	1	514	1583	
84	28	19	4	999	999	999	1	592	1397	
84	28	20	4	999	999	999	1	650	1953	
84	29	1	4	999	999	999	1	597	1545	
84	29	2	4	999	999	999	1	579	1644	
84	29	3	4	999	999	999	1	467	1930	
84	29	4	4	999	999	999	1	453	1618	
84	29	5	4	999	999	999	1	445	1343	
84	29	6	4	999	999	999	1	496	1144	
84	29	7	4	999	1	1	1	887	1330	
84	29	8	4	999	999	999	1	730	1251	
84	29	9	4	999	999	999	1	540	1266	
84	29	10	4	999	999	999	1	685	1428	
84	29	11	4	999	1	1	1	1096	1680	
84	29	12	4	999	999	999	1	511	1579	
84	29	13	4	999	999	999	1	516	1840	
84	29	14	4	999	999	999	1	604	1227	
84	29	15	4	999	999	999	1	756	1575	
84	29	16	4	999	1	1	1	648	1967	
84	29	17	4	999	999	999	1	528	1356	
84	29	18	4	999	1	999	0	515	1165	
84	29	19	4	999	999	999	1	962	1626	
84	29	20	4	999	999	999	1	565	1920	
84	30	1	4	999	999	999	1	882	1372	
84	30	2	4	999	999	999	1	563	1256	
84	30	3	4	999	999	999	1	548	1962	
84	30	4	4	999	999	999	1	645	1585	
84	30	5	4	999	999	999	1	558	1211	
84	30	6	4	999	999	999	1	1380	1405	
84	30	7	4	999	999	999	1	402	1724	
84	30	8	4	999	999	999	1	563	1252	
84	30	9	4	999	999	999	1	491	1460	
84	30	10	4	999	999	999	1	523	1907	
84	30	11	4	999	999	999	1	604	1572	
84	30	12	4	999	999	999	1	555	1847	
84	30	13	4	999	999	999	1	488	1474	
84	30	14	4	999	999	999	1	653	1949	
84	30	15	4	999	999	999	1	514	1179	
84	30	16	4	999	999	999	1	836	1440	
84	30	17	4	999	999	999	1	508	1873	
84	30	18	4	999	999	999	1	526	1105	
84	30	19	4	999	999	999	1	558	1738	
84	30	20	4	999	999	999	1	741	1740	
84	31	1	4	999	999	999	1	642	1040	
84	31	2	4	999	999	999	1	735	1847	
84	31	3	4	999	999	999	1	840	1452	
84	31	4	4	999	999	999	1	803	1597	
84	31	5	4	999	999	999	1	802	1630	
84	31	6	4	999	999	999	1	1841	1028	
84	31	7	4	999	999	999	1	683	1043	
84	31	8	4	999	999	999	1	444	1501	
84	31	9	4	999	999	999	1	786	1055	
84	31	10	4	999	999	999	1	608	1400	
84	31	11	4	999	999	999	1	519	1247	
84	31	12	4	999	999	999	1	560	1085	
84	31	13	4	999	999	999	1	738	1000	
84	31	14	4	999	999	999	1	1892	1100	
84	31	15	4	999	999	999	1	1203	1318	
84	31	16	4	999	999	999	1	985	1621	
84	31	17	4	999	999	999	1	570	1912	
84	31	18	4	999	999	999	1	695	1159	
84	31	19	4	999	999	999	1	1112	1523	
84	31	20	4	999	999	999	1	652	1520	
84	32	1	4	999	999	999	1	482	1504	
84	32	2	4	999	999	999	1	591	1998	
84	32	3	4	999	999	999	1	531	1646	
84	32	4	4	999	1	1	1	433	1836	
84	32	5	4	999	999	999	1	625	1255	
84	32	6	4	999	999	999	1	1416	1926	
84	32	7	4	999	999	999	1	441	1486	
84	32	8	4	999	1	1	1	705	1763	
84	32	9	4	999	999	999	1	489	1911	
84	32	10	4	999	999	999	1	440	1646	
84	32	11	4	999	999	999	1	497	1357	
84	32	12	4	999	1	1	1	1106	1134	
84	32	13	4	999	999	999	1	561	1981	
84	32	14	4	999	999	999	1	562	1750	
84	32	15	4	999	999	999	1	553	1592	
84	32	16	4	999	999	999	0	471	1928	
84	32	17	4	999	1	1	1	695	1240	
84	32	18	4	999	1	1	1	791	1221	
84	32	19	4	999	999	999	1	730	1035	
84	32	20	4	999	999	999	1	833	1756	
