4	1	1	4	999	999	999	1	1095	1573	
4	1	2	4	999	999	999	1	830	1762	
4	1	3	4	999	999	999	1	1437	1350	
4	1	4	4	999	999	999	1	750	1141	
4	1	5	4	999	999	999	1	1093	1183	
4	1	6	4	999	999	999	1	681	1370	
4	1	7	4	999	999	999	1	697	1825	
4	1	8	4	999	1	1	1	827	1344	
4	1	9	4	999	999	999	1	698	1455	
4	1	10	4	999	999	999	1	1030	1834	
4	1	11	4	999	999	999	1	975	1143	
4	1	12	4	999	1	1	1	818	1565	
4	1	13	4	999	999	999	1	947	1543	
4	1	14	4	999	1	1	1	570	1545	
4	1	15	4	999	999	999	1	878	1847	
4	1	16	4	999	999	999	1	648	1642	
4	1	17	4	999	999	999	1	765	1992	
4	1	18	4	999	999	999	1	599	1412	
4	1	19	4	999	999	999	1	982	1111	
4	1	20	4	999	1	1	1	690	1178	
4	2	1	4	999	1	1	1	650	1237	
4	2	2	4	999	999	999	1	579	1359	
4	2	3	4	999	999	999	1	898	1256	
4	2	4	4	999	999	999	1	497	1044	
4	2	5	4	999	999	999	1	651	1107	
4	2	6	4	999	999	999	1	585	1827	
4	2	7	4	999	999	999	1	729	1240	
4	2	8	4	999	999	999	1	817	1877	
4	2	9	4	999	999	999	1	864	1317	
4	2	10	4	999	999	999	1	834	1270	
4	2	11	4	999	999	999	1	635	1165	
4	2	12	4	999	999	999	1	907	1574	
4	2	13	4	999	999	999	1	606	1978	
4	2	14	4	999	999	999	1	758	1662	
4	2	15	4	999	999	999	1	755	1771	
4	2	16	4	999	999	999	1	671	1803	
4	2	17	4	999	999	999	1	763	1084	
4	2	18	4	999	999	999	1	699	1987	
4	2	19	4	999	999	999	1	911	1938	
4	2	20	4	999	999	999	1	990	1497	
4	3	1	4	999	1	1	1	754	1028	
4	3	2	4	999	999	999	1	552	1748	
4	3	3	4	999	999	999	1	798	1189	
4	3	4	4	999	999	999	1	645	1354	
4	3	5	4	999	999	999	1	640	1088	
4	3	6	4	999	999	999	1	599	1463	
4	3	7	4	999	999	999	1	837	1186	
4	3	8	4	999	999	999	1	501	1336	
4	3	9	4	999	999	999	1	452	1936	
4	3	10	4	999	999	999	1	559	1167	
4	3	11	4	999	999	999	1	576	1234	
4	3	12	4	999	999	999	1	694	1172	
4	3	13	4	999	999	999	1	1116	1131	
4	3	14	4	999	999	999	1	931	1909	
4	3	15	4	999	999	999	1	553	1776	
4	3	16	4	999	1	1	1	407	1859	
4	3	17	4	999	999	999	1	633	1626	
4	3	18	4	999	999	999	1	481	1253	
4	3	19	4	999	999	999	1	624	1896	
4	3	20	4	999	999	999	1	510	1153	
4	4	1	4	999	999	999	1	443	1262	
4	4	2	4	999	999	999	1	607	1780	
4	4	3	4	999	999	999	1	517	1818	
4	4	4	4	999	1	1	1	431	1084	
4	4	5	4	999	999	999	1	454	1273	
4	4	6	4	999	999	999	1	495	1586	
4	4	7	4	999	1	1	1	931	1410	
4	4	8	4	999	999	999	1	733	1442	
4	4	9	4	999	999	999	1	572	1783	
4	4	10	4	999	999	999	1	608	1783	
4	4	11	4	999	999	999	1	613	1677	
4	4	12	4	999	999	999	1	522	1284	
4	4	13	4	999	999	999	1	814	1305	
4	4	14	4	999	1	1	1	549	1999	
4	4	15	4	999	999	999	1	853	1266	
4	4	16	4	999	999	999	0	725	1433	
4	4	17	4	999	999	999	1	925	1244	
4	4	18	4	999	999	999	1	861	1876	
4	4	19	4	999	1	1	1	599	1966	
4	4	20	4	999	999	999	1	917	1977	
4	5	1	4	999	999	999	1	872	1397	
4	5	2	4	999	999	999	1	1276	1573	
4	5	3	4	999	999	999	0	701	1202	
4	5	4	4	999	999	999	1	700	1770	
4	5	5	4	999	999	999	1	682	1447	
4	5	6	4	999	999	999	1	1046	1264	
4	5	7	4	999	1	1	1	649	1547	
4	5	8	4	999	999	999	1	256	1931	
4	5	9	4	999	999	999	1	230	1473	
4	5	10	4	999	1	1	1	244	1641	
4	5	11	4	999	1	1	1	227	1207	
4	5	12	4	999	999	999	1	227	1346	
4	5	13	4	999	999	999	1	224	1442	
4	5	14	4	999	999	999	1	225	1407	
4	5	15	4	999	999	999	1	242	1535	
4	5	16	4	999	999	999	1	149	1167	
4	5	17	4	999	1	1	1	89	1712	
4	5	18	4	999	1	1	1	137	1785	
4	5	19	4	999	1	1	1	236	1519	
4	5	20	4	999	999	999	1	105	1309	
4	6	1	4	999	1	1	1	332	1530	
4	6	2	4	999	999	999	1	245	1010	
4	6	3	4	999	999	999	1	130	1292	
4	6	4	4	999	999	999	1	195	1955	
4	6	5	4	999	999	999	1	145	1536	
4	6	6	4	999	999	999	1	465	1837	
4	6	7	4	999	1	1	1	237	1626	
4	6	8	4	999	999	999	1	210	1051	
4	6	9	4	999	999	999	1	236	1261	
4	6	10	4	999	999	999	1	211	1030	
4	6	11	4	999	999	999	1	178	1432	
4	6	12	4	999	999	999	1	166	1814	
4	6	13	4	999	999	999	1	70	1624	
4	6	14	4	999	999	999	1	214	1878	
4	6	15	4	999	999	999	1	212	1265	
4	6	16	4	999	999	999	1	209	1218	
4	6	17	4	999	999	999	1	223	1437	
4	6	18	4	999	999	999	1	235	1676	
4	6	19	4	999	1	1	1	221	1819	
4	6	20	4	999	1	1	1	164	1512	
4	7	1	4	999	999	999	1	244	1901	
4	7	2	4	999	999	999	1	209	1241	
4	7	3	4	999	999	999	1	248	1427	
4	7	4	4	999	999	999	1	319	1705	
4	7	5	4	999	1	1	1	195	1107	
4	7	6	4	999	999	999	1	203	1403	
4	7	7	4	999	999	999	1	150	1565	
4	7	8	4	999	999	999	1	200	1071	
4	7	9	4	999	999	999	1	231	1541	
4	7	10	4	999	999	999	1	179	1508	
4	7	11	4	999	999	999	1	283	1348	
4	7	12	4	999	999	999	1	202	1654	
4	7	13	4	999	999	999	1	246	1574	
4	7	14	4	999	999	999	1	186	1918	
4	7	15	4	999	999	999	1	200	1033	
4	7	16	4	999	999	999	1	454	1759	
4	7	17	4	999	999	999	1	199	1972	
4	7	18	4	999	999	999	1	229	1511	
4	7	19	4	999	999	999	1	249	1518	
4	7	20	4	999	1	1	1	219	1461	
4	8	1	4	999	999	999	1	222	1388	
4	8	2	4	999	999	999	1	167	1179	
4	8	3	4	999	999	999	1	169	1838	
4	8	4	4	999	999	999	1	173	1096	
4	8	5	4	999	1	1	1	198	1868	
4	8	6	4	999	999	999	1	284	1332	
4	8	7	4	999	999	999	1	218	1673	
4	8	8	4	999	999	999	1	292	1771	
4	8	9	4	999	1	1	1	260	1349	
4	8	10	4	999	999	999	1	206	1393	
4	8	11	4	999	999	999	1	190	1842	
4	8	12	4	999	999	999	1	222	1853	
4	8	13	4	999	999	999	1	201	1156	
4	8	14	4	999	999	999	1	197	1302	
4	8	15	4	999	999	999	1	210	1804	
4	8	16	4	999	999	999	1	192	1477	
4	8	17	4	999	1	1	1	233	1508	
4	8	18	4	999	1	1	1	260	1016	
4	8	19	4	999	999	999	1	210	1158	
4	8	20	4	999	999	999	1	197	1046	
4	9	1	4	999	999	999	1	283	1011	
4	9	2	4	999	999	999	1	182	1005	
4	9	3	4	999	999	999	1	178	1147	
4	9	4	4	999	999	999	1	196	1726	
4	9	5	4	999	1	1	1	176	1166	
4	9	6	4	999	999	999	1	247	1757	
4	9	7	4	999	1	1	1	148	1150	
4	9	8	4	999	999	999	1	111	1948	
4	9	9	4	999	999	999	1	187	1861	
4	9	10	4	999	1	1	1	186	1272	
4	9	11	4	999	999	999	1	152	1191	
4	9	12	4	999	999	999	1	192	1910	
4	9	13	4	999	999	999	1	265	1875	
4	9	14	4	999	999	999	1	225	1571	
4	9	15	4	999	1	1	1	199	1432	
4	9	16	4	999	999	999	1	222	1076	
4	9	17	4	999	1	1	1	226	1379	
4	9	18	4	999	999	999	1	207	1185	
4	9	19	4	999	999	999	1	206	1676	
4	9	20	4	999	999	999	1	219	1675	
4	10	1	4	999	999	999	1	272	1434	
4	10	2	4	999	1	1	1	220	1666	
4	10	3	4	999	999	999	1	211	1866	
4	10	4	4	999	999	999	1	216	1201	
4	10	5	4	999	999	999	1	192	1491	
4	10	6	4	999	1	1	1	206	1076	
4	10	7	4	999	999	999	1	175	1588	
4	10	8	4	999	999	999	1	392	1915	
4	10	9	4	999	999	999	1	86	1895	
4	10	10	4	999	999	999	1	194	1498	
4	10	11	4	999	999	999	1	194	1566	
4	10	12	4	999	999	999	1	173	1342	
4	10	13	4	999	999	999	1	203	1375	
4	10	14	4	999	1	1	1	193	1528	
4	10	15	4	999	999	999	1	210	1165	
4	10	16	4	999	999	999	1	416	1775	
4	10	17	4	999	999	999	1	264	1557	
4	10	18	4	999	999	999	1	202	1776	
4	10	19	4	999	999	999	1	225	1894	
4	10	20	4	999	999	999	1	198	1770	
4	11	1	4	999	999	999	1	240	1454	
4	11	2	4	999	999	999	1	187	1371	
4	11	3	4	999	1	1	1	205	1898	
4	11	4	4	999	999	999	1	187	1649	
4	11	5	4	999	999	999	1	228	1973	
4	11	6	4	999	999	999	1	198	1455	
4	11	7	4	999	999	999	1	161	1465	
4	11	8	4	999	999	999	1	212	1001	
4	11	9	4	999	999	999	1	190	1406	
4	11	10	4	999	999	999	1	192	1688	
4	11	11	4	999	999	999	1	186	1523	
4	11	12	4	999	999	999	1	182	1181	
4	11	13	4	999	1	1	1	177	1942	
4	11	14	4	999	1	1	1	148	1744	
4	11	15	4	999	999	999	1	118	1141	
4	11	16	4	999	999	999	1	184	1809	
4	11	17	4	999	999	999	1	5	1155	
4	11	18	4	999	999	999	1	172	1812	
4	11	19	4	999	999	999	1	321	1028	
4	11	20	4	999	999	999	1	163	1268	
4	12	1	4	999	999	999	1	203	1515	
4	12	2	4	999	999	999	1	167	1098	
4	12	3	4	999	999	999	1	214	1036	
4	12	4	4	999	999	999	1	2	1210	
4	12	5	4	999	999	999	1	225	1879	
4	12	6	4	999	999	999	1	183	1324	
4	12	7	4	999	999	999	1	165	1654	
4	12	8	4	999	999	999	1	185	1051	
4	12	9	4	999	999	999	1	180	1995	
4	12	10	4	999	999	999	1	173	1225	
4	12	11	4	999	999	999	1	234	1513	
4	12	12	4	999	999	999	1	349	1475	
4	12	13	4	999	999	999	1	207	1001	
4	12	14	4	999	1	1	1	192	1056	
4	12	15	4	999	999	999	1	160	1887	
4	12	16	4	999	999	999	1	33	1929	
4	12	17	4	999	999	999	1	154	1930	
4	12	18	4	999	999	999	0	175	1083	
4	12	19	4	999	999	999	1	480	1185	
4	12	20	4	999	1	1	1	190	1123	
4	13	1	4	999	1	1	1	197	1200	
4	13	2	4	999	999	999	1	259	1090	
4	13	3	4	999	999	999	1	220	1465	
4	13	4	4	999	1	1	1	179	1541	
4	13	5	4	999	999	999	1	100	1122	
4	13	6	4	999	1	1	1	190	1878	
4	13	7	4	999	999	999	1	232	1917	
4	13	8	4	999	999	999	1	201	1926	
4	13	9	4	999	999	999	1	181	1399	
4	13	10	4	999	999	999	1	156	1760	
4	13	11	4	999	999	999	1	252	1377	
4	13	12	4	999	1	1	1	173	1786	
4	13	13	4	999	999	999	1	197	1622	
4	13	14	4	999	1	1	1	222	1066	
4	13	15	4	999	999	999	1	218	1820	
4	13	16	4	999	999	999	1	418	1899	
4	13	17	4	999	999	999	1	163	1775	
4	13	18	4	999	999	999	1	239	1645	
4	13	19	4	999	999	999	1	274	1862	
4	13	20	4	999	999	999	1	208	1807	
4	14	1	4	999	999	999	1	188	1731	
4	14	2	4	999	999	999	1	42	1356	
4	14	3	4	999	999	999	1	151	1258	
4	14	4	4	999	999	999	1	46	1315	
4	14	5	4	999	999	999	0	187	1754	
4	14	6	4	999	999	999	1	202	1578	
4	14	7	4	999	1	1	1	132	1407	
4	14	8	4	999	999	999	1	212	1998	
4	14	9	4	999	999	999	1	94	1999	
4	14	10	4	999	999	999	1	260	1704	
4	14	11	4	999	999	999	1	191	1846	
4	14	12	4	999	999	999	1	107	1692	
4	14	13	4	999	999	999	1	175	1010	
4	14	14	4	999	999	999	1	338	1643	
4	14	15	4	999	999	999	1	148	1752	
4	14	16	4	999	999	999	1	51	1003	
4	14	17	4	999	1	1	1	231	1226	
4	14	18	4	999	999	999	1	296	1317	
4	14	19	4	999	999	999	1	226	1444	
4	14	20	4	999	1	1	1	210	1801	
4	15	1	4	999	1	1	1	193	1471	
4	15	2	4	999	999	999	1	168	1169	
4	15	3	4	999	999	999	1	209	1883	
4	15	4	4	999	999	999	1	202	1719	
4	15	5	4	999	1	1	1	135	1464	
4	15	6	4	999	999	999	1	241	1653	
4	15	7	4	999	999	999	1	176	1167	
4	15	8	4	999	999	999	1	186	1659	
4	15	9	4	999	999	999	1	400	1312	
4	15	10	4	999	1	1	1	221	1740	
4	15	11	4	999	999	999	1	155	1039	
4	15	12	4	999	999	999	1	192	1288	
4	15	13	4	999	1	1	1	219	1014	
4	15	14	4	999	999	999	1	202	1417	
4	15	15	4	999	1	1	1	67	1379	
4	15	16	4	999	1	1	1	224	1538	
4	15	17	4	999	999	999	1	158	1960	
4	15	18	4	999	999	999	1	168	1187	
4	15	19	4	999	1	1	1	150	1710	
4	15	20	4	999	999	999	1	23	1106	
4	16	1	4	999	1	1	1	157	1427	
4	16	2	4	999	999	999	1	189	1568	
4	16	3	4	999	999	999	1	248	1693	
4	16	4	4	999	999	999	1	19	1957	
4	16	5	4	999	999	999	1	380	1087	
4	16	6	4	999	999	999	1	195	1594	
4	16	7	4	999	1	1	1	193	1633	
4	16	8	4	999	999	999	1	188	1818	
4	16	9	4	999	999	999	1	122	1502	
4	16	10	4	999	1	1	1	193	1313	
4	16	11	4	999	999	999	1	156	1972	
4	16	12	4	999	999	999	1	168	1685	
4	16	13	4	999	999	999	1	207	1623	
4	16	14	4	999	999	999	1	294	1290	
4	16	15	4	999	999	999	1	245	1796	
4	16	16	4	999	999	999	1	230	1317	
4	16	17	4	999	999	999	1	210	1291	
4	16	18	4	999	999	999	1	138	1107	
4	16	19	4	999	999	999	1	195	1328	
4	16	20	4	999	999	999	1	185	1741	
4	17	1	4	999	999	999	1	1534	1742	
4	17	2	4	999	999	999	1	680	1860	
4	17	3	4	999	999	999	1	578	1437	
4	17	4	4	999	999	999	1	682	1748	
4	17	5	4	999	999	999	1	492	1095	
4	17	6	4	999	999	999	1	527	1659	
4	17	7	4	999	1	1	1	612	1126	
4	17	8	4	999	999	999	1	762	1395	
4	17	9	4	999	999	999	1	544	1869	
4	17	10	4	999	1	1	1	604	1133	
4	17	11	4	999	999	999	1	679	1045	
4	17	12	4	999	1	1	1	402	1506	
4	17	13	4	999	999	999	1	547	1465	
4	17	14	4	999	999	999	1	833	1926	
4	17	15	4	999	999	999	1	643	1980	
4	17	16	4	999	999	999	1	655	1167	
4	17	17	4	999	1	1	1	503	1681	
4	17	18	4	999	999	999	1	772	1194	
4	17	19	4	999	999	999	1	593	1358	
4	17	20	4	999	999	999	0	692	1235	
4	18	1	4	999	999	999	1	616	1201	
4	18	2	4	999	999	999	1	651	1113	
4	18	3	4	999	999	999	1	755	1751	
4	18	4	4	999	999	999	1	558	1828	
4	18	5	4	999	999	999	1	676	1103	
4	18	6	4	999	999	999	1	658	1374	
4	18	7	4	999	999	999	1	458	1365	
4	18	8	4	999	999	999	1	485	1830	
4	18	9	4	999	999	999	1	555	1354	
4	18	10	4	999	999	999	1	747	1680	
4	18	11	4	999	999	999	1	606	1553	
4	18	12	4	999	999	999	1	478	1394	
4	18	13	4	999	999	999	1	481	1312	
4	18	14	4	999	1	1	1	414	1254	
4	18	15	4	999	999	999	1	502	1304	
4	18	16	4	999	999	999	1	680	1435	
4	18	17	4	999	1	1	1	605	1225	
4	18	18	4	999	999	999	1	643	1332	
4	18	19	4	999	999	999	1	523	1750	
4	18	20	4	999	999	999	1	1020	1136	
4	19	1	4	999	999	999	1	1013	1733	
4	19	2	4	999	999	999	1	454	1667	
4	19	3	4	999	999	999	1	355	1663	
4	19	4	4	999	999	999	1	486	1445	
4	19	5	4	999	999	999	1	494	1365	
4	19	6	4	999	999	999	1	655	1026	
4	19	7	4	999	999	999	1	444	1955	
4	19	8	4	999	999	999	1	569	1575	
4	19	9	4	999	999	999	1	454	1041	
4	19	10	4	999	999	999	1	568	1695	
4	19	11	4	999	999	999	1	464	1179	
4	19	12	4	999	1	1	1	380	1505	
4	19	13	4	999	1	1	1	621	1574	
4	19	14	4	999	1	1	1	493	1971	
4	19	15	4	999	1	1	1	545	1030	
4	19	16	4	999	999	999	1	595	1479	
4	19	17	4	999	999	999	1	678	1163	
4	19	18	4	999	999	999	1	388	1669	
4	19	19	4	999	999	999	1	467	1843	
4	19	20	4	999	999	999	1	612	1508	
4	20	1	4	999	1	1	1	502	1903	
4	20	2	4	999	999	999	1	778	1621	
4	20	3	4	999	999	999	1	482	1091	
4	20	4	4	999	999	999	1	435	1868	
4	20	5	4	999	999	999	1	461	1274	
4	20	6	4	999	1	1	1	368	1172	
4	20	7	4	999	999	999	1	445	1891	
4	20	8	4	999	999	999	1	423	1600	
4	20	9	4	999	999	999	1	430	1653	
4	20	10	4	999	1	1	1	390	1685	
4	20	11	4	999	999	999	1	720	1499	
4	20	12	4	999	999	999	1	578	1011	
4	20	13	4	999	999	999	1	859	1801	
4	20	14	4	999	999	999	1	518	1036	
4	20	15	4	999	999	999	1	541	1812	
4	20	16	4	999	999	999	1	385	1174	
4	20	17	4	999	999	999	1	529	1374	
4	20	18	4	999	999	999	1	514	1120	
4	20	19	4	999	999	999	1	983	1868	
4	20	20	4	999	999	999	1	757	1428	
4	21	1	4	999	999	999	1	481	1418	
4	21	2	4	999	1	1	1	810	1344	
4	21	3	4	999	1	1	1	435	1345	
4	21	4	4	999	999	999	1	472	1877	
4	21	5	4	999	1	1	1	553	1869	
4	21	6	4	999	999	999	1	404	1132	
4	21	7	4	999	999	999	1	488	1061	
4	21	8	4	999	999	999	1	614	1890	
4	21	9	4	999	999	999	1	467	1052	
4	21	10	4	999	999	999	0	509	1426	
4	21	11	4	999	999	999	1	411	1477	
4	21	12	4	999	1	1	1	581	1601	
4	21	13	4	999	1	1	1	814	1186	
4	21	14	4	999	999	999	1	722	1180	
4	21	15	4	999	999	999	1	523	1192	
4	21	16	4	999	999	999	1	539	1413	
4	21	17	4	999	999	999	1	855	1879	
4	21	18	4	999	999	999	1	574	1866	
4	21	19	4	999	1	1	1	645	1447	
4	21	20	4	999	1	1	1	1064	1492	
4	22	1	4	999	999	999	1	334	1628	
4	22	2	4	999	999	999	1	430	1969	
4	22	3	4	999	999	999	1	542	1624	
4	22	4	4	999	999	999	1	704	1269	
4	22	5	4	999	999	999	1	490	1323	
4	22	6	4	999	999	999	1	469	1493	
4	22	7	4	999	999	999	1	420	1744	
4	22	8	4	999	999	999	1	580	1944	
4	22	9	4	999	999	999	1	456	1744	
4	22	10	4	999	999	999	1	734	1457	
4	22	11	4	999	999	999	1	527	1970	
4	22	12	4	999	1	1	1	746	1979	
4	22	13	4	999	999	999	1	527	1061	
4	22	14	4	999	999	999	1	493	1393	
4	22	15	4	999	1	1	1	609	1105	
4	22	16	4	999	999	999	1	532	1602	
4	22	17	4	999	1	1	1	735	1336	
4	22	18	4	999	999	999	1	362	1851	
4	22	19	4	999	1	1	1	584	1093	
4	22	20	4	999	999	999	1	803	1308	
4	23	1	4	999	1	1	1	556	1019	
4	23	2	4	999	999	999	1	499	1895	
4	23	3	4	999	999	999	1	510	1519	
4	23	4	4	999	999	999	1	619	1359	
4	23	5	4	999	999	999	1	321	1455	
4	23	6	4	999	999	999	1	512	1607	
4	23	7	4	999	999	999	1	441	1107	
4	23	8	4	999	999	999	1	396	1280	
4	23	9	4	999	999	999	1	451	1374	
4	23	10	4	999	999	999	1	555	1583	
4	23	11	4	999	999	999	1	578	1224	
4	23	12	4	999	999	999	1	446	1362	
4	23	13	4	999	999	999	1	518	1400	
4	23	14	4	999	999	999	1	559	1433	
4	23	15	4	999	999	999	1	546	1375	
4	23	16	4	999	999	999	1	751	1162	
4	23	17	4	999	999	999	1	478	1549	
4	23	18	4	999	999	999	1	568	1287	
4	23	19	4	999	1	1	1	563	1708	
4	23	20	4	999	999	999	1	441	1003	
4	24	1	4	999	999	999	1	742	1725	
4	24	2	4	999	1	1	1	416	1287	
4	24	3	4	999	999	999	1	497	1510	
4	24	4	4	999	999	999	1	393	1474	
4	24	5	4	999	999	999	1	482	1221	
4	24	6	4	999	999	999	1	297	1091	
4	24	7	4	999	1	1	1	470	1710	
4	24	8	4	999	999	999	1	444	1929	
4	24	9	4	999	999	999	1	737	1227	
4	24	10	4	999	999	999	1	527	1374	
4	24	11	4	999	999	999	1	349	1376	
4	24	12	4	999	1	1	1	416	1987	
4	24	13	4	999	999	999	1	367	1317	
4	24	14	4	999	999	999	1	556	1326	
4	24	15	4	999	999	999	1	590	1218	
4	24	16	4	999	999	999	1	624	1032	
4	24	17	4	999	999	999	1	658	1959	
4	24	18	4	999	999	999	1	562	1152	
4	24	19	4	999	1	1	1	559	1085	
4	24	20	4	999	999	999	1	932	1718	
4	25	1	4	999	1	1	1	558	1010	
4	25	2	4	999	999	999	1	531	1574	
4	25	3	4	999	1	1	1	518	1470	
4	25	4	4	999	1	1	1	517	1459	
4	25	5	4	999	999	999	1	512	1221	
4	25	6	4	999	999	999	1	480	1328	
4	25	7	4	999	999	999	1	555	1002	
4	25	8	4	999	1	1	1	711	1938	
4	25	9	4	999	999	999	1	467	1730	
4	25	10	4	999	999	999	1	457	1668	
4	25	11	4	999	999	999	1	532	1955	
4	25	12	4	999	999	999	1	549	1603	
4	25	13	4	999	1	1	1	690	1565	
4	25	14	4	999	999	999	1	484	1860	
4	25	15	4	999	1	1	1	661	1739	
4	25	16	4	999	999	999	1	420	1166	
4	25	17	4	999	999	999	1	631	1148	
4	25	18	4	999	999	999	1	535	1689	
4	25	19	4	999	999	999	1	503	1410	
4	25	20	4	999	999	999	1	559	1108	
4	26	1	4	999	999	999	1	709	1791	
4	26	2	4	999	999	999	1	535	1954	
4	26	3	4	999	999	999	1	362	1159	
4	26	4	4	999	999	999	1	529	1173	
4	26	5	4	999	1	1	1	464	1193	
4	26	6	4	999	1	1	1	660	1969	
4	26	7	4	999	999	999	1	578	1824	
4	26	8	4	999	999	999	1	434	1871	
4	26	9	4	999	999	999	1	815	1949	
4	26	10	4	999	999	999	1	501	1065	
4	26	11	4	999	999	999	1	760	1377	
4	26	12	4	999	999	999	1	514	1978	
4	26	13	4	999	999	999	1	477	1039	
4	26	14	4	999	999	999	1	629	1090	
4	26	15	4	999	999	999	1	431	1436	
4	26	16	4	999	999	999	1	485	1033	
4	26	17	4	999	999	999	1	452	1340	
4	26	18	4	999	999	999	1	725	1905	
4	26	19	4	999	999	999	1	533	1755	
4	26	20	4	999	999	999	1	493	1848	
4	27	1	4	999	1	1	1	637	1114	
4	27	2	4	999	999	999	1	597	1886	
4	27	3	4	999	1	1	1	529	1733	
4	27	4	4	999	999	999	1	474	1993	
4	27	5	4	999	999	999	1	503	1516	
4	27	6	4	999	999	999	1	515	1426	
4	27	7	4	999	999	999	1	523	1907	
4	27	8	4	999	999	999	1	472	1305	
4	27	9	4	999	1	1	1	897	1091	
4	27	10	4	999	999	999	1	554	1436	
4	27	11	4	999	999	999	1	982	1454	
4	27	12	4	999	999	999	1	525	1391	
4	27	13	4	999	999	999	1	492	1277	
4	27	14	4	999	999	999	1	462	1839	
4	27	15	4	999	999	999	1	578	1695	
4	27	16	4	999	999	999	1	740	1118	
4	27	17	4	999	999	999	1	689	1899	
4	27	18	4	999	999	999	1	498	1073	
4	27	19	4	999	999	999	1	623	1587	
4	27	20	4	999	999	999	1	592	1124	
4	28	1	4	999	999	999	1	826	1674	
4	28	2	4	999	999	999	1	503	1598	
4	28	3	4	999	999	999	1	525	1232	
4	28	4	4	999	999	999	1	471	1307	
4	28	5	4	999	999	999	1	563	1710	
4	28	6	4	999	999	999	1	477	1381	
4	28	7	4	999	999	999	1	512	1371	
4	28	8	4	999	999	999	1	517	1336	
4	28	9	4	999	999	999	1	511	1006	
4	28	10	4	999	999	999	1	373	1411	
4	28	11	4	999	1	1	1	604	1885	
4	28	12	4	999	999	999	1	454	1141	
4	28	13	4	999	999	999	1	438	1953	
4	28	14	4	999	999	999	1	855	1190	
4	28	15	4	999	1	1	1	658	1293	
4	28	16	4	999	999	999	1	408	1422	
4	28	17	4	999	999	999	1	555	1828	
4	28	18	4	999	999	999	1	683	1236	
4	28	19	4	999	999	999	1	1083	1262	
4	28	20	4	999	999	999	1	684	1140	
4	29	1	4	999	999	999	1	612	1301	
4	29	2	4	999	999	999	1	442	1582	
4	29	3	4	999	999	999	1	494	1093	
4	29	4	4	999	999	999	1	823	1025	
4	29	5	4	999	999	999	1	463	1936	
4	29	6	4	999	999	999	1	492	1279	
4	29	7	4	999	999	999	1	462	1230	
4	29	8	4	999	999	999	1	433	1073	
4	29	9	4	999	999	999	1	379	1683	
4	29	10	4	999	1	1	1	479	1891	
4	29	11	4	999	999	999	1	478	1758	
4	29	12	4	999	999	999	1	477	1042	
4	29	13	4	999	999	999	1	562	1383	
4	29	14	4	999	999	999	1	462	1998	
4	29	15	4	999	999	999	1	452	1902	
4	29	16	4	999	1	1	1	381	1960	
4	29	17	4	999	1	1	1	647	1272	
4	29	18	4	999	999	999	1	532	1696	
4	29	19	4	999	999	999	1	526	1526	
4	29	20	4	999	999	999	1	462	1616	
4	30	1	4	999	999	999	1	595	1471	
4	30	2	4	999	1	1	1	500	1098	
4	30	3	4	999	999	999	1	815	1639	
4	30	4	4	999	999	999	1	474	1069	
4	30	5	4	999	999	999	1	454	1495	
4	30	6	4	999	999	999	1	601	1832	
4	30	7	4	999	999	999	1	466	1887	
4	30	8	4	999	999	999	1	424	1141	
4	30	9	4	999	999	999	0	367	1749	
4	30	10	4	999	999	999	1	471	1539	
4	30	11	4	999	999	999	1	526	1056	
4	30	12	4	999	999	999	1	472	1922	
4	30	13	4	999	999	999	1	348	1027	
4	30	14	4	999	999	999	1	433	1378	
4	30	15	4	999	999	999	1	507	1577	
4	30	16	4	999	999	999	1	513	1263	
4	30	17	4	999	1	1	1	519	1017	
4	30	18	4	999	999	999	1	565	1525	
4	30	19	4	999	999	999	1	379	1016	
4	30	20	4	999	999	999	1	517	1286	
4	31	1	4	999	999	999	1	744	1796	
4	31	2	4	999	999	999	1	766	1669	
4	31	3	4	999	999	999	1	490	1586	
4	31	4	4	999	999	999	0	658	1876	
4	31	5	4	999	999	999	1	463	1329	
4	31	6	4	999	999	999	1	473	1515	
4	31	7	4	999	999	999	1	465	1634	
4	31	8	4	999	999	999	1	532	1182	
4	31	9	4	999	999	999	1	432	1976	
4	31	10	4	999	999	999	1	474	1285	
4	31	11	4	999	999	999	1	768	1151	
4	31	12	4	999	1	1	1	572	1123	
4	31	13	4	999	999	999	1	656	1984	
4	31	14	4	999	999	999	1	438	1216	
4	31	15	4	999	1	1	1	743	1270	
4	31	16	4	999	999	999	1	431	1881	
4	31	17	4	999	999	999	1	511	1992	
4	31	18	4	999	999	999	1	380	1059	
4	31	19	4	999	1	1	1	573	1762	
4	31	20	4	999	999	999	1	453	1401	
4	32	1	4	999	999	999	1	891	1531	
4	32	2	4	999	999	999	1	686	1584	
4	32	3	4	999	999	999	1	526	1539	
4	32	4	4	999	999	999	0	503	1899	
4	32	5	4	999	999	999	1	625	1521	
4	32	6	4	999	999	999	1	538	1073	
4	32	7	4	999	999	999	1	544	1155	
4	32	8	4	999	999	999	1	487	1353	
4	32	9	4	999	999	999	1	695	1773	
4	32	10	4	999	1	1	1	705	1827	
4	32	11	4	999	999	999	1	535	1304	
4	32	12	4	999	1	1	1	746	1008	
4	32	13	4	999	999	999	1	488	1489	
4	32	14	4	999	1	1	1	605	1660	
4	32	15	4	999	1	1	1	788	1321	
4	32	16	4	999	999	999	1	450	1874	
4	32	17	4	999	999	999	1	602	1760	
4	32	18	4	999	999	999	1	668	1401	
4	32	19	4	999	999	999	1	451	1680	
4	32	20	4	999	999	999	1	662	1227	
