60	1	1	4	999	999	999	1	1544	1118	
60	1	2	4	999	999	999	1	2645	1854	
60	1	3	4	999	999	999	1	900	1088	
60	1	4	4	999	999	999	1	931	1204	
60	1	5	4	999	999	999	1	2079	1781	
60	1	6	4	999	999	999	1	1166	1306	
60	1	7	4	999	999	999	1	1193	1561	
60	1	8	4	999	1	1	1	1146	1085	
60	1	9	4	999	999	999	1	1126	1387	
60	1	10	4	999	999	999	1	1144	1787	
60	1	11	4	999	999	999	1	1016	1073	
60	1	12	4	999	999	999	1	2210	1360	
60	1	13	4	999	999	999	1	803	1806	
60	1	14	4	999	999	999	1	789	1105	
60	1	15	4	999	999	999	1	994	1908	
60	1	16	4	999	999	999	1	1071	1562	
60	1	17	4	999	999	999	1	1032	1857	
60	1	18	4	999	999	999	1	1138	1649	
60	1	19	4	999	999	999	1	1649	1549	
60	1	20	4	999	999	999	1	902	1056	
60	2	1	4	999	1	1	1	1176	1815	
60	2	2	4	999	999	999	1	1068	1884	
60	2	3	4	999	999	999	1	807	1184	
60	2	4	4	999	1	1	1	835	1534	
60	2	5	4	999	999	999	1	645	1906	
60	2	6	4	999	999	999	1	961	1852	
60	2	7	4	999	999	999	1	583	1206	
60	2	8	4	999	999	999	1	589	1515	
60	2	9	4	999	999	999	1	936	1812	
60	2	10	4	999	999	999	1	943	1675	
60	2	11	4	999	999	999	1	792	1708	
60	2	12	4	999	999	999	1	679	1848	
60	2	13	4	999	999	999	1	858	1163	
60	2	14	4	999	1	1	1	1128	1053	
60	2	15	4	999	999	999	1	662	1988	
60	2	16	4	999	999	999	1	767	1208	
60	2	17	4	999	999	999	1	667	1049	
60	2	18	4	999	999	999	1	1082	1765	
60	2	19	4	999	999	999	1	974	1044	
60	2	20	4	999	999	999	1	975	1602	
60	3	1	4	999	999	999	1	921	1508	
60	3	2	4	999	999	999	1	527	1165	
60	3	3	4	999	999	999	1	502	1083	
60	3	4	4	999	999	999	1	376	1861	
60	3	5	4	999	999	999	1	366	1032	
60	3	6	4	999	999	1	0	1131	1689	
60	3	7	4	999	999	999	1	826	1009	
60	3	8	4	999	999	999	1	642	1144	
60	3	9	4	999	1	1	1	603	1069	
60	3	10	4	999	999	999	1	774	1347	
60	3	11	4	999	999	999	1	688	1935	
60	3	12	4	999	999	999	1	756	1442	
60	3	13	4	999	999	999	1	593	1516	
60	3	14	4	999	999	999	1	1143	1231	
60	3	15	4	999	999	999	1	980	1671	
60	3	16	4	999	1	1	1	876	1071	
60	3	17	4	999	999	999	1	1044	1225	
60	3	18	4	999	999	999	1	906	1009	
60	3	19	4	999	999	999	1	866	1234	
60	3	20	4	999	999	999	1	769	1177	
60	4	1	4	999	999	999	1	1000	1502	
60	4	2	4	999	999	999	1	1221	1429	
60	4	3	4	999	999	999	1	558	1344	
60	4	4	4	999	999	999	1	803	1232	
60	4	5	4	999	999	999	1	563	1605	
60	4	6	4	999	999	999	1	1438	1813	
60	4	7	4	999	999	999	1	686	1923	
60	4	8	4	999	999	999	1	688	1538	
60	4	9	4	999	999	999	1	785	1245	
60	4	10	4	999	999	999	1	870	1565	
60	4	11	4	999	999	999	1	534	1595	
60	4	12	4	999	999	999	1	888	1725	
60	4	13	4	999	999	999	1	662	1087	
60	4	14	4	999	999	999	1	788	1666	
60	4	15	4	999	999	999	1	1089	1191	
60	4	16	4	999	999	999	1	892	1248	
60	4	17	4	999	999	999	1	1011	1249	
60	4	18	4	999	999	999	1	706	1175	
60	4	19	4	999	999	999	1	700	1241	
60	4	20	4	999	999	999	1	506	1895	
60	5	1	4	999	999	999	1	840	1802	
60	5	2	4	999	999	999	1	617	1731	
60	5	3	4	999	999	1	0	560	1482	
60	5	4	4	999	999	999	1	985	1278	
60	5	5	4	999	999	999	1	1236	1268	
60	5	6	4	999	999	999	1	623	1045	
60	5	7	4	999	999	999	1	1070	1349	
60	5	8	4	999	999	999	1	398	1341	
60	5	9	4	999	999	999	1	822	1126	
60	5	10	4	999	999	999	1	381	1415	
60	5	11	4	999	999	999	1	684	1485	
60	5	12	4	999	1	1	1	1062	1853	
60	5	13	4	999	999	999	1	1110	1306	
60	5	14	4	999	999	999	1	665	1211	
60	5	15	4	999	999	999	1	456	1234	
60	5	16	4	999	999	999	1	593	1912	
60	5	17	4	999	999	999	1	795	1691	
60	5	18	4	999	999	999	1	968	1382	
60	5	19	4	999	999	999	1	653	1143	
60	5	20	4	999	999	999	1	540	1443	
60	6	1	4	999	999	999	1	1016	1618	
60	6	2	4	999	999	999	1	449	1956	
60	6	3	4	999	999	999	1	623	1464	
60	6	4	4	999	999	999	1	683	1704	
60	6	5	4	999	999	999	1	699	1374	
60	6	6	4	999	999	999	1	677	1539	
60	6	7	4	999	999	999	1	928	1648	
60	6	8	4	999	1	1	1	915	1774	
60	6	9	4	999	999	999	1	917	1705	
60	6	10	4	999	999	999	1	714	1816	
60	6	11	4	999	999	999	1	603	1854	
60	6	12	4	999	999	999	0	437	1064	
60	6	13	4	999	999	999	1	939	1305	
60	6	14	4	999	999	999	1	681	1047	
60	6	15	4	999	999	999	1	572	1440	
60	6	16	4	999	999	999	1	563	1815	
60	6	17	4	999	999	999	1	396	1323	
60	6	18	4	999	1	1	1	904	1576	
60	6	19	4	999	999	999	1	555	1470	
60	6	20	4	999	999	999	1	645	1592	
60	7	1	4	999	999	999	1	3336	1862	
60	7	2	4	999	999	999	1	765	1318	
60	7	3	4	999	999	999	1	861	1210	
60	7	4	4	999	1	1	1	793	1791	
60	7	5	4	999	999	999	1	1060	1476	
60	7	6	4	999	1	1	1	959	1271	
60	7	7	4	999	999	999	1	572	1630	
60	7	8	4	999	999	999	1	965	1134	
60	7	9	4	999	1	1	1	1013	1674	
60	7	10	4	999	1	1	1	601	1010	
60	7	11	4	999	999	999	1	577	1901	
60	7	12	4	999	999	999	0	694	1174	
60	7	13	4	999	999	999	1	445	1416	
60	7	14	4	999	1	1	1	763	1187	
60	7	15	4	999	999	999	1	608	1900	
60	7	16	4	999	999	999	1	791	1789	
60	7	17	4	999	999	999	1	822	1620	
60	7	18	4	999	999	999	1	591	1033	
60	7	19	4	999	999	999	1	762	1704	
60	7	20	4	999	999	999	1	571	1687	
60	8	1	4	999	999	999	1	808	1650	
60	8	2	4	999	999	999	1	577	1859	
60	8	3	4	999	1	1	1	816	1095	
60	8	4	4	999	999	1	0	828	1903	
60	8	5	4	999	1	999	0	612	1829	
60	8	6	4	999	999	999	1	3022	1550	
60	8	7	4	999	999	999	1	1013	1058	
60	8	8	4	999	999	999	1	785	1301	
60	8	9	4	999	999	999	1	766	1930	
60	8	10	4	999	999	999	1	873	1071	
60	8	11	4	999	999	999	1	676	1283	
60	8	12	4	999	999	999	1	1248	1074	
60	8	13	4	999	999	1	0	609	1680	
60	8	14	4	999	999	999	1	931	1968	
60	8	15	4	999	999	999	1	963	1659	
60	8	16	4	999	999	999	1	776	1241	
60	8	17	4	999	999	999	1	954	1259	
60	8	18	4	999	999	999	1	600	1860	
60	8	19	4	999	999	999	1	959	1780	
60	8	20	4	999	999	999	1	671	1151	
60	9	1	4	999	999	999	1	1080	1801	
60	9	2	4	999	999	999	1	730	1948	
60	9	3	4	999	999	999	1	695	1444	
60	9	4	4	999	999	999	1	543	1980	
60	9	5	4	999	999	999	1	567	1893	
60	9	6	4	999	999	999	1	702	1510	
60	9	7	4	999	1	1	1	861	1152	
60	9	8	4	999	1	1	1	579	1230	
60	9	9	4	999	999	999	1	1237	1072	
60	9	10	4	999	1	1	1	819	1401	
60	9	11	4	999	999	999	1	714	1608	
60	9	12	4	999	999	999	1	1003	1237	
60	9	13	4	999	1	1	1	574	1334	
60	9	14	4	999	999	999	1	957	1556	
60	9	15	4	999	999	999	1	623	1216	
60	9	16	4	999	1	999	0	707	1661	
60	9	17	4	999	999	999	1	806	1623	
60	9	18	4	999	999	999	1	812	1486	
60	9	19	4	999	999	999	1	693	1589	
60	9	20	4	999	999	999	1	862	1989	
60	10	1	4	999	999	999	1	1080	1337	
60	10	2	4	999	999	999	1	698	1783	
60	10	3	4	999	999	999	1	508	1038	
60	10	4	4	999	999	999	1	501	1038	
60	10	5	4	999	999	999	1	677	1831	
60	10	6	4	999	1	1	1	700	1615	
60	10	7	4	999	999	999	1	692	1080	
60	10	8	4	999	999	999	1	603	1455	
60	10	9	4	999	999	999	1	868	1907	
60	10	10	4	999	999	999	1	576	1227	
60	10	11	4	999	999	999	1	648	1936	
60	10	12	4	999	999	999	1	579	1212	
60	10	13	4	999	999	999	1	631	1324	
60	10	14	4	999	999	999	1	855	1446	
60	10	15	4	999	999	999	1	589	1024	
60	10	16	4	999	999	999	1	563	1110	
60	10	17	4	999	999	999	1	541	1295	
60	10	18	4	999	999	999	1	580	1173	
60	10	19	4	999	999	999	1	606	1473	
60	10	20	4	999	999	1	0	722	1279	
60	11	1	4	999	999	999	1	1064	1984	
60	11	2	4	999	1	1	1	819	1890	
60	11	3	4	999	999	999	1	641	1610	
60	11	4	4	999	999	999	1	793	1676	
60	11	5	4	999	1	1	1	1111	1007	
60	11	6	4	999	1	1	1	596	1155	
60	11	7	4	999	999	999	1	992	1468	
60	11	8	4	999	999	999	1	695	1587	
60	11	9	4	999	999	999	1	608	1938	
60	11	10	4	999	999	999	1	401	1107	
60	11	11	4	999	999	999	1	1632	1280	
60	11	12	4	999	999	999	1	627	1125	
60	11	13	4	999	999	999	1	430	1797	
60	11	14	4	999	999	999	1	894	1961	
60	11	15	4	999	999	999	1	490	1987	
60	11	16	4	999	999	999	1	528	1734	
60	11	17	4	999	999	999	0	717	1564	
60	11	18	4	999	999	999	1	615	1508	
60	11	19	4	999	999	999	1	655	1727	
60	11	20	4	999	999	999	1	628	1681	
60	12	1	4	999	999	999	1	616	1668	
60	12	2	4	999	999	999	1	415	1623	
60	12	3	4	999	999	999	1	572	1345	
60	12	4	4	999	999	999	1	658	1567	
60	12	5	4	999	999	999	1	500	1493	
60	12	6	4	999	999	999	1	542	1753	
60	12	7	4	999	999	999	1	634	1890	
60	12	8	4	999	999	999	1	545	1816	
60	12	9	4	999	999	999	1	587	1875	
60	12	10	4	999	1	1	1	1136	1427	
60	12	11	4	999	1	1	1	752	1110	
60	12	12	4	999	999	999	1	365	1183	
60	12	13	4	999	999	999	1	644	1603	
60	12	14	4	999	1	1	1	688	1751	
60	12	15	4	999	999	999	1	428	1962	
60	12	16	4	999	999	999	1	329	1252	
60	12	17	4	999	999	999	1	447	1921	
60	12	18	4	999	999	999	1	1042	1909	
60	12	19	4	999	1	1	1	446	1099	
60	12	20	4	999	999	999	1	984	1933	
60	13	1	4	999	999	999	1	631	1022	
60	13	2	4	999	999	999	1	533	1663	
60	13	3	4	999	999	999	1	612	1383	
60	13	4	4	999	999	999	1	764	1963	
60	13	5	4	999	999	999	1	600	1559	
60	13	6	4	999	1	1	1	828	1854	
60	13	7	4	999	999	999	1	869	1377	
60	13	8	4	999	999	999	1	610	1410	
60	13	9	4	999	999	999	1	721	1131	
60	13	10	4	999	999	999	1	664	1900	
60	13	11	4	999	999	999	1	551	1846	
60	13	12	4	999	999	999	1	397	1170	
60	13	13	4	999	1	1	1	673	1795	
60	13	14	4	999	999	999	1	368	1296	
60	13	15	4	999	1	1	1	899	1260	
60	13	16	4	999	999	999	1	535	1465	
60	13	17	4	999	1	1	1	794	1557	
60	13	18	4	999	999	999	1	606	1119	
60	13	19	4	999	999	999	1	660	1292	
60	13	20	4	999	999	999	1	567	1347	
60	14	1	4	999	999	999	1	920	1881	
60	14	2	4	999	999	999	1	634	1522	
60	14	3	4	999	999	999	1	529	1316	
60	14	4	4	999	999	999	1	559	1194	
60	14	5	4	999	1	1	1	1001	1180	
60	14	6	4	999	1	1	1	535	1234	
60	14	7	4	999	999	999	1	353	1912	
60	14	8	4	999	999	999	1	715	1216	
60	14	9	4	999	999	999	1	739	1322	
60	14	10	4	999	1	1	1	793	1065	
60	14	11	4	999	999	999	1	490	1360	
60	14	12	4	999	999	999	1	387	1947	
60	14	13	4	999	999	999	1	984	1128	
60	14	14	4	999	1	1	1	779	1403	
60	14	15	4	999	999	999	1	760	1147	
60	14	16	4	999	999	999	1	552	1750	
60	14	17	4	999	999	999	1	573	1872	
60	14	18	4	999	999	999	1	579	1713	
60	14	19	4	999	999	999	1	594	1459	
60	14	20	4	999	999	999	1	576	1318	
60	15	1	4	999	999	999	1	696	1781	
60	15	2	4	999	1	1	1	942	1037	
60	15	3	4	999	1	999	0	646	1689	
60	15	4	4	999	1	1	1	682	1171	
60	15	5	4	999	999	999	1	672	1535	
60	15	6	4	999	999	999	1	660	1498	
60	15	7	4	999	999	999	1	569	1931	
60	15	8	4	999	999	999	1	1272	1157	
60	15	9	4	999	999	999	1	558	1767	
60	15	10	4	999	999	999	1	540	1796	
60	15	11	4	999	999	999	0	735	1480	
60	15	12	4	999	999	999	1	539	1954	
60	15	13	4	999	999	999	1	609	1564	
60	15	14	4	999	999	999	1	583	1708	
60	15	15	4	999	999	999	1	583	1338	
60	15	16	4	999	999	999	1	521	1562	
60	15	17	4	999	999	999	1	569	1965	
60	15	18	4	999	999	999	1	838	1589	
60	15	19	4	999	999	999	1	526	1710	
60	15	20	4	999	999	999	1	549	1818	
60	16	1	4	999	999	999	1	728	1463	
60	16	2	4	999	1	1	1	1100	1876	
60	16	3	4	999	999	999	1	671	1501	
60	16	4	4	999	1	1	1	710	1880	
60	16	5	4	999	999	999	1	811	1504	
60	16	6	4	999	999	999	1	851	1578	
60	16	7	4	999	999	999	1	617	1822	
60	16	8	4	999	999	999	1	533	1738	
60	16	9	4	999	999	999	1	697	1988	
60	16	10	4	999	1	1	1	1039	1788	
60	16	11	4	999	999	999	1	711	1485	
60	16	12	4	999	999	999	1	742	1708	
60	16	13	4	999	999	999	1	535	1764	
60	16	14	4	999	999	999	1	463	1172	
60	16	15	4	999	999	999	0	383	1506	
60	16	16	4	999	999	999	1	673	1936	
60	16	17	4	999	999	999	1	579	1139	
60	16	18	4	999	999	999	1	608	1479	
60	16	19	4	999	999	999	1	780	1605	
60	16	20	4	999	999	999	1	638	1895	
60	17	1	4	999	999	999	1	820	1372	
60	17	2	4	999	999	999	1	1107	1031	
60	17	3	4	999	999	999	1	648	1704	
60	17	4	4	999	999	999	1	1079	1885	
60	17	5	4	999	999	999	1	690	1173	
60	17	6	4	999	999	999	1	666	1234	
60	17	7	4	999	999	1	0	1021	1429	
60	17	8	4	999	999	999	1	1066	1536	
60	17	9	4	999	999	999	1	1007	1208	
60	17	10	4	999	999	999	1	519	1066	
60	17	11	4	999	999	999	1	469	1608	
60	17	12	4	999	999	999	1	743	1307	
60	17	13	4	999	999	999	1	740	1594	
60	17	14	4	999	1	1	1	773	1589	
60	17	15	4	999	1	1	1	554	1772	
60	17	16	4	999	1	999	0	675	1983	
60	17	17	4	999	999	999	1	1136	1401	
60	17	18	4	999	999	999	1	854	1437	
60	17	19	4	999	999	999	1	610	1658	
60	17	20	4	999	999	999	1	837	1175	
60	18	1	4	999	999	999	1	788	1154	
60	18	2	4	999	999	999	1	669	1328	
60	18	3	4	999	999	999	1	927	1702	
60	18	4	4	999	999	999	1	617	1829	
60	18	5	4	999	999	999	1	554	1329	
60	18	6	4	999	1	1	1	830	1554	
60	18	7	4	999	999	999	1	429	1546	
60	18	8	4	999	999	999	1	869	1713	
60	18	9	4	999	1	1	1	1022	1858	
60	18	10	4	999	999	999	1	557	1487	
60	18	11	4	999	1	1	1	1232	1535	
60	18	12	4	999	999	999	1	896	1925	
60	18	13	4	999	999	999	1	826	1623	
60	18	14	4	999	1	1	1	680	1077	
60	18	15	4	999	1	1	1	826	1214	
60	18	16	4	999	999	999	1	673	1391	
60	18	17	4	999	999	999	1	576	1960	
60	18	18	4	999	999	999	1	599	1351	
60	18	19	4	999	1	1	1	728	1836	
60	18	20	4	999	999	999	1	675	1367	
60	19	1	4	999	999	999	1	725	1159	
60	19	2	4	999	999	999	1	680	1916	
60	19	3	4	999	1	1	1	787	1854	
60	19	4	4	999	999	999	1	993	1934	
60	19	5	4	999	999	999	1	577	1964	
60	19	6	4	999	999	999	1	643	1455	
60	19	7	4	999	999	999	1	464	1423	
60	19	8	4	999	999	999	1	656	1503	
60	19	9	4	999	1	1	1	416	1068	
60	19	10	4	999	999	999	1	771	1231	
60	19	11	4	999	999	999	1	368	1905	
60	19	12	4	999	999	999	1	494	1313	
60	19	13	4	999	999	999	1	606	1623	
60	19	14	4	999	999	999	1	632	1585	
60	19	15	4	999	1	1	1	606	1362	
60	19	16	4	999	999	999	1	637	1932	
60	19	17	4	999	999	999	1	627	1729	
60	19	18	4	999	1	1	1	830	1433	
60	19	19	4	999	1	999	0	598	1060	
60	19	20	4	999	999	999	1	651	1753	
60	20	1	4	999	999	999	1	436	1942	
60	20	2	4	999	999	999	1	713	1774	
60	20	3	4	999	999	999	1	609	1969	
60	20	4	4	999	1	1	1	686	1499	
60	20	5	4	999	999	999	1	772	1769	
60	20	6	4	999	1	1	1	886	1182	
60	20	7	4	999	999	999	1	1009	1260	
60	20	8	4	999	999	999	1	739	1723	
60	20	9	4	999	999	999	1	564	1173	
60	20	10	4	999	999	1	0	746	1309	
60	20	11	4	999	999	999	1	658	1811	
60	20	12	4	999	999	999	1	780	1304	
60	20	13	4	999	999	999	1	631	1068	
60	20	14	4	999	999	999	1	595	1387	
60	20	15	4	999	999	999	1	628	1698	
60	20	16	4	999	999	999	1	621	1949	
60	20	17	4	999	999	999	1	690	1823	
60	20	18	4	999	999	999	1	624	1725	
60	20	19	4	999	1	1	1	754	1704	
60	20	20	4	999	1	1	1	727	1694	
60	21	1	4	999	999	999	1	853	1756	
60	21	2	4	999	999	999	1	691	1210	
60	21	3	4	999	999	999	1	773	1813	
60	21	4	4	999	999	999	1	378	1402	
60	21	5	4	999	999	999	1	645	1643	
60	21	6	4	999	1	1	1	820	1807	
60	21	7	4	999	999	999	1	544	1714	
60	21	8	4	999	1	1	1	637	1265	
60	21	9	4	999	999	999	1	606	1210	
60	21	10	4	999	999	999	1	629	1059	
60	21	11	4	999	999	999	1	556	1298	
60	21	12	4	999	999	999	1	541	1304	
60	21	13	4	999	1	1	1	599	1639	
60	21	14	4	999	999	999	1	408	1590	
60	21	15	4	999	999	999	1	729	1158	
60	21	16	4	999	999	999	1	473	1868	
60	21	17	4	999	999	999	1	387	1060	
60	21	18	4	999	999	999	1	539	1597	
60	21	19	4	999	1	1	1	418	1093	
60	21	20	4	999	999	999	1	602	1130	
60	22	1	4	999	999	999	1	532	1063	
60	22	2	4	999	999	999	1	504	1358	
60	22	3	4	999	999	999	1	657	1603	
60	22	4	4	999	999	999	1	524	1597	
60	22	5	4	999	999	999	1	514	1185	
60	22	6	4	999	1	1	1	830	1731	
60	22	7	4	999	999	999	1	396	1391	
60	22	8	4	999	999	999	1	416	1601	
60	22	9	4	999	999	999	1	638	1421	
60	22	10	4	999	999	999	1	594	1649	
60	22	11	4	999	1	1	1	702	1865	
60	22	12	4	999	999	999	1	518	1803	
60	22	13	4	999	999	999	1	596	1714	
60	22	14	4	999	999	999	1	397	1623	
60	22	15	4	999	1	999	0	664	1633	
60	22	16	4	999	999	999	1	590	1690	
60	22	17	4	999	999	999	1	517	1465	
60	22	18	4	999	999	999	1	422	1245	
60	22	19	4	999	999	999	1	642	1008	
60	22	20	4	999	999	999	1	831	1080	
60	23	1	4	999	999	999	1	580	1025	
60	23	2	4	999	999	999	1	654	1683	
60	23	3	4	999	999	999	0	652	1509	
60	23	4	4	999	1	1	1	666	1620	
60	23	5	4	999	999	999	1	699	1200	
60	23	6	4	999	1	1	1	687	1183	
60	23	7	4	999	999	999	1	992	1352	
60	23	8	4	999	999	999	1	583	1280	
60	23	9	4	999	999	999	1	703	1748	
60	23	10	4	999	999	999	1	987	1571	
60	23	11	4	999	1	1	1	812	1962	
60	23	12	4	999	999	999	1	661	1863	
60	23	13	4	999	999	999	1	1416	1880	
60	23	14	4	999	999	999	1	583	1748	
60	23	15	4	999	999	999	1	523	1462	
60	23	16	4	999	999	999	1	617	1497	
60	23	17	4	999	999	999	1	566	1761	
60	23	18	4	999	1	1	1	798	1196	
60	23	19	4	999	999	999	1	531	1182	
60	23	20	4	999	999	1	0	817	1141	
60	24	1	4	999	999	999	1	420	1008	
60	24	2	4	999	999	999	1	719	1475	
60	24	3	4	999	999	999	1	636	1154	
60	24	4	4	999	1	1	1	749	1080	
60	24	5	4	999	999	999	1	695	1193	
60	24	6	4	999	1	1	1	598	1721	
60	24	7	4	999	999	999	1	662	1613	
60	24	8	4	999	1	1	1	722	1429	
60	24	9	4	999	999	999	1	650	1339	
60	24	10	4	999	999	999	1	676	1149	
60	24	11	4	999	1	1	1	706	1496	
60	24	12	4	999	999	999	1	695	1628	
60	24	13	4	999	999	999	1	579	1423	
60	24	14	4	999	999	999	1	704	1553	
60	24	15	4	999	999	999	1	462	1944	
60	24	16	4	999	999	999	1	615	1948	
60	24	17	4	999	999	999	1	611	1876	
60	24	18	4	999	999	999	1	427	1805	
60	24	19	4	999	999	999	1	610	1802	
60	24	20	4	999	999	999	1	581	1986	
60	25	1	4	999	1	1	1	1012	1080	
60	25	2	4	999	999	999	1	583	1354	
60	25	3	4	999	999	999	1	885	1116	
60	25	4	4	999	999	999	1	595	1170	
60	25	5	4	999	999	999	1	477	1874	
60	25	6	4	999	999	999	1	637	1729	
60	25	7	4	999	999	999	1	398	1639	
60	25	8	4	999	999	999	1	568	1253	
60	25	9	4	999	1	1	1	634	1044	
60	25	10	4	999	1	1	1	523	1034	
60	25	11	4	999	999	999	1	581	1323	
60	25	12	4	999	999	999	1	356	1819	
60	25	13	4	999	1	1	1	660	1835	
60	25	14	4	999	999	999	1	500	1455	
60	25	15	4	999	1	999	0	640	1825	
60	25	16	4	999	999	999	1	606	1778	
60	25	17	4	999	999	999	1	605	1442	
60	25	18	4	999	999	999	1	573	1753	
60	25	19	4	999	1	1	1	710	1004	
60	25	20	4	999	999	999	1	483	1868	
60	26	1	4	999	1	1	1	628	1515	
60	26	2	4	999	999	999	1	916	1769	
60	26	3	4	999	999	999	1	502	1425	
60	26	4	4	999	999	999	1	606	1156	
60	26	5	4	999	999	999	1	555	1654	
60	26	6	4	999	999	999	1	601	1921	
60	26	7	4	999	999	999	1	414	1853	
60	26	8	4	999	999	999	1	482	1538	
60	26	9	4	999	999	999	1	605	1917	
60	26	10	4	999	999	999	1	546	1706	
60	26	11	4	999	999	999	1	565	1756	
60	26	12	4	999	999	999	1	451	1236	
60	26	13	4	999	999	999	1	619	1309	
60	26	14	4	999	999	999	1	674	1197	
60	26	15	4	999	999	999	1	882	1808	
60	26	16	4	999	999	999	1	511	1302	
60	26	17	4	999	999	999	1	569	1293	
60	26	18	4	999	999	999	1	754	1550	
60	26	19	4	999	999	999	0	481	1384	
60	26	20	4	999	1	1	1	743	1116	
60	27	1	4	999	999	999	1	532	1285	
60	27	2	4	999	1	1	1	1018	1494	
60	27	3	4	999	999	999	1	473	1062	
60	27	4	4	999	999	999	1	441	1885	
60	27	5	4	999	999	999	1	562	1151	
60	27	6	4	999	999	999	1	544	1838	
60	27	7	4	999	999	999	1	609	1125	
60	27	8	4	999	999	999	0	570	1143	
60	27	9	4	999	999	999	1	536	1712	
60	27	10	4	999	999	999	1	815	1970	
60	27	11	4	999	999	999	1	653	1057	
60	27	12	4	999	999	999	1	494	1256	
60	27	13	4	999	999	999	1	391	1242	
60	27	14	4	999	999	999	1	597	1354	
60	27	15	4	999	999	999	1	773	1046	
60	27	16	4	999	1	1	1	409	1916	
60	27	17	4	999	999	999	1	611	1969	
60	27	18	4	999	999	999	1	622	1035	
60	27	19	4	999	999	999	1	676	1484	
60	27	20	4	999	999	999	1	915	1641	
60	28	1	4	999	999	999	1	420	1571	
60	28	2	4	999	999	999	1	428	1134	
60	28	3	4	999	999	999	1	625	1465	
60	28	4	4	999	1	1	1	1030	1280	
60	28	5	4	999	1	1	1	527	1683	
60	28	6	4	999	1	1	1	828	1350	
60	28	7	4	999	1	1	1	473	1285	
60	28	8	4	999	999	999	1	522	1510	
60	28	9	4	999	999	999	1	633	1391	
60	28	10	4	999	999	999	1	528	1462	
60	28	11	4	999	999	999	1	553	1946	
60	28	12	4	999	999	999	1	485	1335	
60	28	13	4	999	999	999	1	440	1735	
60	28	14	4	999	999	999	1	632	1826	
60	28	15	4	999	999	999	1	413	1650	
60	28	16	4	999	999	999	1	733	1588	
60	28	17	4	999	999	999	1	667	1206	
60	28	18	4	999	1	1	1	521	1875	
60	28	19	4	999	1	1	1	636	1305	
60	28	20	4	999	999	999	1	582	1428	
60	29	1	4	999	999	999	1	756	1252	
60	29	2	4	999	999	999	1	619	1621	
60	29	3	4	999	1	1	1	586	1021	
60	29	4	4	999	999	999	0	674	1846	
60	29	5	4	999	999	999	1	617	1771	
60	29	6	4	999	1	1	1	708	1155	
60	29	7	4	999	1	999	0	620	1611	
60	29	8	4	999	999	999	1	1188	1156	
60	29	9	4	999	999	999	1	731	1615	
60	29	10	4	999	999	999	1	608	1146	
60	29	11	4	999	1	1	1	853	1090	
60	29	12	4	999	999	999	1	621	1507	
60	29	13	4	999	999	999	1	588	1089	
60	29	14	4	999	1	1	1	654	1341	
60	29	15	4	999	999	999	1	706	1178	
60	29	16	4	999	1	999	0	517	1368	
60	29	17	4	999	999	999	1	599	1452	
60	29	18	4	999	999	999	1	547	1062	
60	29	19	4	999	999	999	1	681	1798	
60	29	20	4	999	999	999	1	601	1043	
60	30	1	4	999	999	999	1	532	1414	
60	30	2	4	999	999	999	1	553	1716	
60	30	3	4	999	999	1	0	635	1574	
60	30	4	4	999	999	999	0	665	1161	
60	30	5	4	999	999	999	1	710	1642	
60	30	6	4	999	999	999	1	469	1279	
60	30	7	4	999	999	999	1	880	1336	
60	30	8	4	999	999	999	1	631	1178	
60	30	9	4	999	1	1	1	805	1251	
60	30	10	4	999	999	999	1	588	1815	
60	30	11	4	999	999	999	1	808	1615	
60	30	12	4	999	999	999	1	400	1882	
60	30	13	4	999	999	999	1	677	1313	
60	30	14	4	999	999	999	1	718	1957	
60	30	15	4	999	999	999	1	490	1146	
60	30	16	4	999	999	999	1	725	1885	
60	30	17	4	999	999	999	1	770	1352	
60	30	18	4	999	999	999	1	519	1423	
60	30	19	4	999	1	1	1	736	1367	
60	30	20	4	999	999	1	0	600	1129	
60	31	1	4	999	999	999	1	676	1845	
60	31	2	4	999	999	999	1	570	1505	
60	31	3	4	999	999	999	1	638	1920	
60	31	4	4	999	999	999	1	623	1385	
60	31	5	4	999	1	1	1	502	1722	
60	31	6	4	999	1	1	1	725	1576	
60	31	7	4	999	999	999	1	583	1147	
60	31	8	4	999	999	999	1	612	1751	
60	31	9	4	999	999	999	1	632	1867	
60	31	10	4	999	999	999	1	532	1585	
60	31	11	4	999	1	1	1	830	1597	
60	31	12	4	999	999	999	1	514	1151	
60	31	13	4	999	999	999	0	592	1615	
60	31	14	4	999	999	999	1	832	1559	
60	31	15	4	999	1	1	1	696	1521	
60	31	16	4	999	999	999	1	638	1843	
60	31	17	4	999	999	999	1	764	1257	
60	31	18	4	999	999	999	1	614	1105	
60	31	19	4	999	999	999	1	798	1371	
60	31	20	4	999	999	999	1	500	1908	
60	32	1	4	999	999	999	1	500	1535	
60	32	2	4	999	999	999	1	896	1908	
60	32	3	4	999	999	999	1	507	1305	
60	32	4	4	999	999	999	1	854	1755	
60	32	5	4	999	999	999	1	452	1144	
60	32	6	4	999	999	999	1	583	1227	
60	32	7	4	999	999	999	1	836	1683	
60	32	8	4	999	999	999	1	732	1625	
60	32	9	4	999	999	999	1	486	1234	
60	32	10	4	999	999	999	1	557	1406	
60	32	11	4	999	1	1	1	833	1566	
60	32	12	4	999	999	999	1	593	1083	
60	32	13	4	999	999	999	1	532	1908	
60	32	14	4	999	999	999	1	475	1361	
60	32	15	4	999	999	999	1	558	1222	
60	32	16	4	999	999	999	1	409	1526	
60	32	17	4	999	999	999	1	393	1720	
60	32	18	4	999	999	999	1	711	1089	
60	32	19	4	999	1	1	1	622	1621	
60	32	20	4	999	999	999	1	586	1677	
