90	1	1	2	999	999	999	1	4084	1205	
90	1	2	2	999	999	999	1	986	1257	
90	1	3	2	999	999	999	1	1060	1244	
90	1	4	2	999	999	999	1	1697	1366	
90	1	5	2	999	999	999	1	1353	1032	
90	1	6	2	999	999	999	1	1381	1634	
90	1	7	2	999	999	999	1	1547	1381	
90	1	8	2	999	999	999	1	602	1915	
90	1	9	2	999	999	999	1	788	1097	
90	1	10	2	999	999	999	1	740	1680	
90	1	11	2	999	999	999	1	1279	1381	
90	1	12	2	999	999	999	1	1544	1497	
90	1	13	2	999	999	999	1	678	1301	
90	1	14	2	999	999	999	1	1114	1998	
90	1	15	2	999	999	999	1	559	1655	
90	1	16	2	999	999	999	1	568	1251	
90	1	17	2	999	999	999	1	796	1259	
90	1	18	2	999	999	999	1	370	1560	
90	1	19	2	999	999	999	1	549	1859	
90	1	20	2	999	999	999	1	458	1400	
90	2	1	2	999	999	999	1	1042	1383	
90	2	2	2	999	999	999	1	694	1748	
90	2	3	2	999	999	999	1	619	1231	
90	2	4	2	999	999	999	1	590	1842	
90	2	5	2	999	999	999	1	525	1170	
90	2	6	2	999	999	999	1	333	1196	
90	2	7	2	999	999	999	1	371	1471	
90	2	8	2	999	999	999	1	1120	1966	
90	2	9	2	999	999	999	1	513	1648	
90	2	10	2	999	1	1	1	893	1356	
90	2	11	2	999	999	999	1	1075	1773	
90	2	12	2	999	999	999	1	736	1169	
90	2	13	2	999	999	999	1	750	1243	
90	2	14	2	999	999	999	1	326	1910	
90	2	15	2	999	999	999	1	311	1423	
90	2	16	2	999	999	999	1	320	1227	
90	2	17	2	999	999	999	1	564	1566	
90	2	18	2	999	999	999	1	657	1025	
90	2	19	2	999	999	999	1	331	1412	
90	2	20	2	999	999	999	1	379	1609	
90	3	1	2	999	999	999	1	804	1336	
90	3	2	2	999	999	999	1	455	1953	
90	3	3	2	999	999	999	1	412	1728	
90	3	4	2	999	999	999	1	271	1214	
90	3	5	2	999	999	999	1	323	1644	
90	3	6	2	999	999	999	1	465	1503	
90	3	7	2	999	999	999	1	352	1688	
90	3	8	2	999	999	999	1	549	1895	
90	3	9	2	999	999	999	1	632	1158	
90	3	10	2	999	999	999	1	743	1694	
90	3	11	2	999	999	999	1	367	1436	
90	3	12	2	999	999	999	1	513	1955	
90	3	13	2	999	999	999	1	396	1626	
90	3	14	2	999	999	999	1	355	1242	
90	3	15	2	999	999	999	1	387	1446	
90	3	16	2	999	999	999	1	1943	1653	
90	3	17	2	999	999	999	1	362	1371	
90	3	18	2	999	999	999	1	1298	1711	
90	3	19	2	999	999	999	1	686	1615	
90	3	20	2	999	999	999	1	382	1514	
90	4	1	2	999	999	999	1	1333	1973	
90	4	2	2	999	999	999	1	472	1894	
90	4	3	2	999	999	999	1	375	1872	
90	4	4	2	999	999	999	1	301	1321	
90	4	5	2	999	999	999	1	1078	1198	
90	4	6	2	999	999	999	1	399	1132	
90	4	7	2	999	999	999	1	673	1426	
90	4	8	2	999	999	999	1	1259	1530	
90	4	9	2	999	999	999	1	629	1538	
90	4	10	2	999	999	999	1	619	1769	
90	4	11	2	999	999	999	1	660	1956	
90	4	12	2	999	999	999	1	505	1483	
90	4	13	2	999	999	999	1	548	1098	
90	4	14	2	999	999	999	1	531	1948	
90	4	15	2	999	999	999	1	401	1848	
90	4	16	2	999	999	999	1	580	1812	
90	4	17	2	999	999	999	1	779	1128	
90	4	18	2	999	999	999	1	581	1591	
90	4	19	2	999	999	999	1	310	1796	
90	4	20	2	999	999	999	1	377	1445	
90	5	1	2	999	999	999	1	948	1080	
90	5	2	2	999	1	1	1	1685	1015	
90	5	3	2	999	1	1	1	662	1755	
90	5	4	2	999	999	999	1	786	1672	
90	5	5	2	999	999	999	1	519	1598	
90	5	6	2	999	999	999	1	335	1857	
90	5	7	2	999	999	999	1	364	1009	
90	5	8	2	999	999	999	1	332	1319	
90	5	9	2	999	999	999	1	344	1965	
90	5	10	2	999	999	999	1	384	1017	
90	5	11	2	999	999	999	1	470	1198	
90	5	12	2	999	999	999	0	269	1005	
90	5	13	2	999	999	999	1	914	1118	
90	5	14	2	999	999	999	1	625	1931	
90	5	15	2	999	999	999	1	306	1974	
90	5	16	2	999	999	999	1	647	1400	
90	5	17	2	999	999	999	1	327	1114	
90	5	18	2	999	999	999	1	439	1877	
90	5	19	2	999	999	999	1	408	1317	
90	5	20	2	999	999	999	1	522	1989	
90	6	1	2	999	1	1	1	930	1882	
90	6	2	2	999	1	1	1	1029	1052	
90	6	3	2	999	1	1	1	483	1269	
90	6	4	2	999	1	1	1	314	1834	
90	6	5	2	999	1	1	1	291	1990	
90	6	6	2	999	1	1	1	391	1562	
90	6	7	2	999	999	999	1	869	1565	
90	6	8	2	999	999	999	1	1552	1718	
90	6	9	2	999	999	999	1	361	1689	
90	6	10	2	999	999	999	1	1222	1750	
90	6	11	2	999	999	999	1	423	1059	
90	6	12	2	999	999	999	1	332	1129	
90	6	13	2	999	999	999	1	294	1753	
90	6	14	2	999	999	999	1	356	1850	
90	6	15	2	999	999	999	1	405	1583	
90	6	16	2	999	1	1	1	1166	1623	
90	6	17	2	999	999	999	1	632	1701	
90	6	18	2	999	999	999	1	568	1646	
90	6	19	2	999	999	999	1	367	1631	
90	6	20	2	999	999	999	1	750	1328	
90	7	1	2	999	999	999	1	948	1534	
90	7	2	2	999	1	1	1	1103	1230	
90	7	3	2	999	1	1	1	591	1836	
90	7	4	2	999	1	1	1	497	1916	
90	7	5	2	999	1	1	1	691	1822	
90	7	6	2	999	1	1	1	351	1177	
90	7	7	2	999	1	1	1	404	1665	
90	7	8	2	999	999	999	1	1020	1874	
90	7	9	2	999	999	999	1	461	1760	
90	7	10	2	999	999	999	1	349	1174	
90	7	11	2	999	999	1	0	1111	1126	
90	7	12	2	999	1	1	1	791	1895	
90	7	13	2	999	1	1	1	568	1402	
90	7	14	2	999	1	1	1	259	1766	
90	7	15	2	999	1	1	1	279	1761	
90	7	16	2	999	999	999	1	1356	1672	
90	7	17	2	999	999	999	1	521	1258	
90	7	18	2	999	999	999	1	1027	1979	
90	7	19	2	999	999	999	1	372	1976	
90	7	20	2	999	999	999	1	453	1036	
90	8	1	2	999	999	999	1	2036	1897	
90	8	2	2	999	999	999	1	726	1929	
90	8	3	2	999	999	999	1	356	1392	
90	8	4	2	999	999	999	1	559	1633	
90	8	5	2	999	999	999	1	286	1896	
90	8	6	2	999	999	999	1	693	1664	
90	8	7	2	999	999	999	1	495	1665	
90	8	8	2	999	999	999	1	252	1964	
90	8	9	2	999	999	999	1	307	1797	
90	8	10	2	999	999	999	1	602	1041	
90	8	11	2	999	999	999	1	572	1496	
90	8	12	2	999	999	999	1	326	1363	
90	8	13	2	999	999	999	1	492	1591	
90	8	14	2	999	999	999	1	374	1995	
90	8	15	2	999	999	999	1	1140	1295	
90	8	16	2	999	999	999	1	592	1491	
90	8	17	2	999	999	999	1	300	1225	
90	8	18	2	999	999	999	1	276	1036	
90	8	19	2	999	999	999	1	355	1670	
90	8	20	2	999	999	999	1	375	1837	
90	9	1	2	999	999	999	1	996	1098	
90	9	2	2	999	999	999	1	355	1758	
90	9	3	2	999	999	999	1	513	1934	
90	9	4	2	999	999	999	1	319	1217	
90	9	5	2	999	999	999	1	414	1562	
90	9	6	2	999	999	999	1	485	1325	
90	9	7	2	999	999	999	1	736	1707	
90	9	8	2	999	999	999	1	500	1110	
90	9	9	2	999	999	999	1	777	1736	
90	9	10	2	999	999	999	0	469	1897	
90	9	11	2	999	999	999	1	644	1989	
90	9	12	2	999	999	999	1	840	1435	
90	9	13	2	999	999	999	1	372	1567	
90	9	14	2	999	999	999	1	590	1237	
90	9	15	2	999	999	999	1	504	1153	
90	9	16	2	999	999	999	1	332	1814	
90	9	17	2	999	999	999	1	857	1968	
90	9	18	2	999	999	999	1	539	1751	
90	9	19	2	999	999	999	1	662	1723	
90	9	20	2	999	999	999	1	594	1671	
90	10	1	2	999	999	999	1	948	1765	
90	10	2	2	999	999	999	1	376	1192	
90	10	3	2	999	999	999	1	375	1780	
90	10	4	2	999	999	999	1	1065	1235	
90	10	5	2	999	999	999	1	334	1312	
90	10	6	2	999	999	999	1	255	1308	
90	10	7	2	999	999	999	1	273	1556	
90	10	8	2	999	999	999	1	313	1799	
90	10	9	2	999	999	999	1	664	1627	
90	10	10	2	999	1	1	1	1186	1035	
90	10	11	2	999	1	1	1	562	1492	
90	10	12	2	999	1	1	1	281	1499	
90	10	13	2	999	1	1	1	660	1136	
90	10	14	2	999	1	1	1	1421	1589	
90	10	15	2	999	1	1	1	424	1588	
90	10	16	2	999	1	1	1	617	1428	
90	10	17	2	999	1	1	1	459	1070	
90	10	18	2	999	999	999	1	1071	1699	
90	10	19	2	999	999	999	1	282	1022	
90	10	20	2	999	999	999	0	303	1233	
90	11	1	2	999	1	1	1	1186	1619	
90	11	2	2	999	1	1	1	394	1014	
90	11	3	2	999	1	1	1	375	1369	
90	11	4	2	999	1	1	1	388	1250	
90	11	5	2	999	1	1	1	509	1910	
90	11	6	2	999	1	1	1	551	1863	
90	11	7	2	999	999	999	1	934	1727	
90	11	8	2	999	999	999	1	478	1905	
90	11	9	2	999	999	999	1	430	1466	
90	11	10	2	999	999	999	1	405	1647	
90	11	11	2	999	999	999	1	558	1892	
90	11	12	2	999	999	999	1	1739	1154	
90	11	13	2	999	999	999	1	541	1614	
90	11	14	2	999	999	999	1	367	1074	
90	11	15	2	999	999	999	1	333	1587	
90	11	16	2	999	999	999	1	714	1085	
90	11	17	2	999	999	999	1	338	1048	
90	11	18	2	999	999	999	1	327	1478	
90	11	19	2	999	999	999	1	1223	1592	
90	11	20	2	999	1	1	1	1351	1320	
90	12	1	2	999	999	999	1	1044	1839	
90	12	2	2	999	999	999	1	606	1141	
90	12	3	2	999	999	999	1	650	1140	
90	12	4	2	999	999	999	1	953	1400	
90	12	5	2	999	999	999	1	615	1773	
90	12	6	2	999	999	999	1	576	1340	
90	12	7	2	999	999	999	1	513	1337	
90	12	8	2	999	999	999	1	518	1753	
90	12	9	2	999	999	999	1	550	1022	
90	12	10	2	999	999	999	1	529	1699	
90	12	11	2	999	999	999	1	346	1522	
90	12	12	2	999	999	999	1	571	1036	
90	12	13	2	999	999	999	1	1011	1932	
90	12	14	2	999	999	999	1	625	1286	
90	12	15	2	999	999	999	1	871	1219	
90	12	16	2	999	999	999	1	332	1787	
90	12	17	2	999	999	999	1	372	1953	
90	12	18	2	999	1	1	1	1148	1296	
90	12	19	2	999	1	1	1	685	1598	
90	12	20	2	999	1	1	1	1071	1514	
90	13	1	2	999	1	1	1	1284	1126	
90	13	2	2	999	1	1	1	439	1427	
90	13	3	2	999	1	1	1	394	1736	
90	13	4	2	999	1	1	1	549	1449	
90	13	5	2	999	1	1	1	662	1778	
90	13	6	2	999	1	1	1	539	1376	
90	13	7	2	999	1	1	1	653	1024	
90	13	8	2	999	1	1	1	333	1771	
90	13	9	2	999	1	1	1	418	1180	
90	13	10	2	999	1	1	1	355	1609	
90	13	11	2	999	1	1	1	516	1651	
90	13	12	2	999	1	1	1	348	1168	
90	13	13	2	999	999	999	1	1133	1415	
90	13	14	2	999	999	999	1	726	1130	
90	13	15	2	999	999	999	1	437	1785	
90	13	16	2	999	999	999	1	822	1081	
90	13	17	2	999	999	999	1	564	1941	
90	13	18	2	999	999	999	1	680	1836	
90	13	19	2	999	999	999	1	657	1857	
90	13	20	2	999	999	999	1	366	1282	
90	14	1	2	999	999	999	1	1378	1673	
90	14	2	2	999	999	999	1	500	1797	
90	14	3	2	999	999	999	1	440	1895	
90	14	4	2	999	999	999	1	392	1069	
90	14	5	2	999	999	999	1	592	1851	
90	14	6	2	999	999	999	1	578	1181	
90	14	7	2	999	1	1	1	1104	1858	
90	14	8	2	999	999	999	1	1116	1857	
90	14	9	2	999	999	999	1	540	1421	
90	14	10	2	999	999	999	1	320	1247	
90	14	11	2	999	999	999	1	304	1872	
90	14	12	2	999	999	999	1	559	1712	
90	14	13	2	999	999	999	1	653	1231	
90	14	14	2	999	999	999	1	382	1907	
90	14	15	2	999	999	999	1	554	1579	
90	14	16	2	999	999	999	1	372	1522	
90	14	17	2	999	999	999	1	1035	1570	
90	14	18	2	999	999	999	1	397	1262	
90	14	19	2	999	999	999	1	319	1076	
90	14	20	2	999	999	999	1	315	1169	
90	15	1	2	999	1	1	1	1140	1411	
90	15	2	2	999	1	1	1	842	1704	
90	15	3	2	999	1	1	1	503	1870	
90	15	4	2	999	1	1	1	751	1635	
90	15	5	2	999	1	1	1	426	1496	
90	15	6	2	999	1	1	1	871	1490	
90	15	7	2	999	1	1	1	379	1164	
90	15	8	2	999	1	1	1	291	1258	
90	15	9	2	999	1	1	1	357	1905	
90	15	10	2	999	1	1	1	444	1345	
90	15	11	2	999	1	1	1	478	1484	
90	15	12	2	999	999	999	1	1331	1491	
90	15	13	2	999	999	999	1	346	1755	
90	15	14	2	999	999	999	1	500	1591	
90	15	15	2	999	999	999	1	518	1769	
90	15	16	2	999	999	999	1	310	1723	
90	15	17	2	999	999	999	1	402	1010	
90	15	18	2	999	1	1	1	1003	1634	
90	15	19	2	999	1	1	1	475	1356	
90	15	20	2	999	1	1	1	803	1611	
90	16	1	2	999	1	1	1	820	1183	
90	16	2	2	999	1	1	1	414	1343	
90	16	3	2	999	1	1	1	478	1344	
90	16	4	2	999	1	1	1	319	1932	
90	16	5	2	999	1	1	1	369	1878	
90	16	6	2	999	1	1	1	391	1839	
90	16	7	2	999	1	1	1	318	1061	
90	16	8	2	999	999	999	1	1050	1493	
90	16	9	2	999	999	999	1	1000	1474	
90	16	10	2	999	999	999	1	539	1693	
90	16	11	2	999	999	999	1	402	1630	
90	16	12	2	999	999	999	1	545	1245	
90	16	13	2	999	999	999	1	1200	1396	
90	16	14	2	999	999	999	1	713	1487	
90	16	15	2	999	999	999	1	960	1450	
90	16	16	2	999	999	999	1	757	1324	
90	16	17	2	999	999	999	1	1169	1645	
90	16	18	2	999	999	999	1	544	1081	
90	16	19	2	999	999	999	1	964	1756	
90	16	20	2	999	999	999	1	817	1388	
90	17	1	2	999	999	999	1	1108	1056	
90	17	2	2	999	999	999	1	1213	1349	
90	17	3	2	999	999	999	1	986	1942	
90	17	4	2	999	999	999	1	633	1444	
90	17	5	2	999	999	999	1	825	1977	
90	17	6	2	999	999	999	1	420	1400	
90	17	7	2	999	999	999	1	421	1336	
90	17	8	2	999	1	1	1	1367	1403	
90	17	9	2	999	999	999	1	1602	1314	
90	17	10	2	999	999	999	1	893	1739	
90	17	11	2	999	999	999	1	740	1095	
90	17	12	2	999	999	999	1	936	1678	
90	17	13	2	999	999	999	1	719	1765	
90	17	14	2	999	999	999	1	1002	1626	
90	17	15	2	999	1	1	1	1011	1579	
90	17	16	2	999	1	1	1	532	1506	
90	17	17	2	999	999	999	1	971	1477	
90	17	18	2	999	999	999	1	760	1403	
90	17	19	2	999	999	999	1	722	1851	
90	17	20	2	999	999	999	1	772	1454	
90	18	1	2	999	999	999	1	1444	1554	
90	18	2	2	999	999	999	1	859	1988	
90	18	3	2	999	1	1	1	1113	1175	
90	18	4	2	999	999	999	1	808	1918	
90	18	5	2	999	1	1	1	1055	1550	
90	18	6	2	999	999	999	1	991	1377	
90	18	7	2	999	999	999	1	556	1524	
90	18	8	2	999	999	999	1	1003	1619	
90	18	9	2	999	999	999	1	716	1974	
90	18	10	2	999	999	999	1	775	1146	
90	18	11	2	999	999	999	1	771	1067	
90	18	12	2	999	999	999	1	692	1110	
90	18	13	2	999	999	999	1	599	1786	
90	18	14	2	999	999	999	1	757	1948	
90	18	15	2	999	999	999	1	609	1682	
90	18	16	2	999	999	999	1	941	1271	
90	18	17	2	999	999	999	1	726	1902	
90	18	18	2	999	999	999	1	783	1012	
90	18	19	2	999	999	999	1	747	1446	
90	18	20	2	999	999	999	1	1001	1809	
90	19	1	2	999	999	999	1	1218	1689	
90	19	2	2	999	999	999	1	1014	1649	
90	19	3	2	999	1	1	1	700	1141	
90	19	4	2	999	1	1	1	794	1759	
90	19	5	2	999	1	1	1	494	1468	
90	19	6	2	999	999	999	1	865	1745	
90	19	7	2	999	999	999	1	814	1753	
90	19	8	2	999	999	999	1	694	1985	
90	19	9	2	999	999	999	1	894	1013	
90	19	10	2	999	999	999	1	728	1265	
90	19	11	2	999	999	999	1	910	1969	
90	19	12	2	999	999	999	1	654	1678	
90	19	13	2	999	1	1	1	1023	1051	
90	19	14	2	999	999	999	1	932	1755	
90	19	15	2	999	999	999	1	738	1679	
90	19	16	2	999	999	999	1	976	1860	
90	19	17	2	999	999	999	1	1003	1763	
90	19	18	2	999	999	999	1	730	1834	
90	19	19	2	999	999	999	1	373	1479	
90	19	20	2	999	999	999	1	1096	1878	
90	20	1	2	999	1	1	1	1189	1280	
90	20	2	2	999	999	999	1	959	1702	
90	20	3	2	999	999	999	1	839	1165	
90	20	4	2	999	999	999	1	1138	1909	
90	20	5	2	999	1	1	1	1066	1191	
90	20	6	2	999	999	999	1	934	1638	
90	20	7	2	999	999	999	1	1001	1240	
90	20	8	2	999	999	999	1	551	1455	
90	20	9	2	999	999	999	1	1006	1034	
90	20	10	2	999	999	999	1	659	1496	
90	20	11	2	999	999	999	1	1125	1405	
90	20	12	2	999	1	1	1	1264	1852	
90	20	13	2	999	1	1	1	563	1803	
90	20	14	2	999	999	999	1	770	1212	
90	20	15	2	999	1	1	1	993	1067	
90	20	16	2	999	999	999	1	852	1759	
90	20	17	2	999	1	1	1	1104	1442	
90	20	18	2	999	999	999	1	731	1298	
90	20	19	2	999	999	999	1	461	1838	
90	20	20	2	999	999	999	1	1009	1664	
90	21	1	2	999	999	999	1	1236	1351	
90	21	2	2	999	999	999	1	824	1344	
90	21	3	2	999	999	999	1	717	1028	
90	21	4	2	999	999	999	1	859	1384	
90	21	5	2	999	999	999	0	711	1882	
90	21	6	2	999	999	999	1	1219	1519	
90	21	7	2	999	999	999	1	638	1155	
90	21	8	2	999	999	999	1	715	1566	
90	21	9	2	999	999	999	1	671	1840	
90	21	10	2	999	999	999	1	1151	1067	
90	21	11	2	999	999	999	1	1010	1439	
90	21	12	2	999	999	999	1	718	1181	
90	21	13	2	999	999	999	1	752	1984	
90	21	14	2	999	999	999	1	813	1817	
90	21	15	2	999	1	1	1	1142	1300	
90	21	16	2	999	999	999	1	731	1031	
90	21	17	2	999	999	999	1	1158	1524	
90	21	18	2	999	999	999	1	1099	1668	
90	21	19	2	999	999	999	1	1096	1865	
90	21	20	2	999	1	1	1	1414	1246	
90	22	1	2	999	999	999	1	788	1625	
90	22	2	2	999	999	999	1	902	1102	
90	22	3	2	999	999	999	1	719	1462	
90	22	4	2	999	999	999	1	489	1783	
90	22	5	2	999	999	999	1	520	1906	
90	22	6	2	999	1	1	1	955	1680	
90	22	7	2	999	999	999	1	1087	1123	
90	22	8	2	999	999	999	1	940	1927	
90	22	9	2	999	999	999	1	472	1937	
90	22	10	2	999	1	1	1	1004	1537	
90	22	11	2	999	999	999	1	942	1084	
90	22	12	2	999	1	1	1	1059	1793	
90	22	13	2	999	999	999	1	828	1741	
90	22	14	2	999	999	999	1	578	1889	
90	22	15	2	999	999	999	1	892	1281	
90	22	16	2	999	999	999	1	750	1822	
90	22	17	2	999	999	999	1	1023	1295	
90	22	18	2	999	999	999	1	1200	1530	
90	22	19	2	999	1	1	1	931	1857	
90	22	20	2	999	999	999	1	942	1284	
90	23	1	2	999	999	999	1	948	1031	
90	23	2	2	999	999	999	1	966	1330	
90	23	3	2	999	999	999	1	715	1654	
90	23	4	2	999	999	999	1	825	1778	
90	23	5	2	999	999	999	1	635	1332	
90	23	6	2	999	999	999	1	683	1741	
90	23	7	2	999	1	1	1	784	1721	
90	23	8	2	999	999	999	1	790	1730	
90	23	9	2	999	999	999	1	605	1032	
90	23	10	2	999	999	999	1	583	1289	
90	23	11	2	999	999	999	1	1062	1808	
90	23	12	2	999	999	999	1	783	1893	
90	23	13	2	999	1	1	1	538	1925	
90	23	14	2	999	999	999	1	1018	1080	
90	23	15	2	999	999	999	1	743	1869	
90	23	16	2	999	999	999	1	1202	1851	
90	23	17	2	999	999	999	1	1218	1248	
90	23	18	2	999	999	999	1	813	1300	
90	23	19	2	999	999	999	1	665	1560	
90	23	20	2	999	999	999	1	759	1515	
90	24	1	2	999	999	999	0	1957	1201	
90	24	2	2	999	999	999	1	2940	1710	
90	24	3	2	999	1	1	1	1103	1741	
90	24	4	2	999	999	999	1	1394	1622	
90	24	5	2	999	999	999	1	711	1432	
90	24	6	2	999	1	1	1	997	1149	
90	24	7	2	999	999	999	1	704	1977	
90	24	8	2	999	1	1	1	1062	1240	
90	24	9	2	999	999	999	1	1063	1542	
90	24	10	2	999	1	1	1	1495	1037	
90	24	11	2	999	1	1	1	610	1030	
90	24	12	2	999	1	1	1	361	1265	
90	24	13	2	999	999	999	1	1020	1587	
90	24	14	2	999	1	1	1	876	1872	
90	24	15	2	999	999	999	1	1165	1373	
90	24	16	2	999	1	1	1	1154	1919	
90	24	17	2	999	999	999	1	768	1576	
90	24	18	2	999	1	1	1	1237	1725	
90	24	19	2	999	1	1	1	738	1677	
90	24	20	2	999	999	999	1	802	1252	
90	25	1	2	999	999	999	1	964	1969	
90	25	2	2	999	999	999	1	652	1751	
90	25	3	2	999	999	999	1	934	1317	
90	25	4	2	999	999	999	1	650	1646	
90	25	5	2	999	999	999	1	735	1181	
90	25	6	2	999	999	999	1	1042	1681	
90	25	7	2	999	999	999	1	700	1873	
90	25	8	2	999	999	999	1	830	1307	
90	25	9	2	999	999	999	1	722	1080	
90	25	10	2	999	999	999	1	1141	1324	
90	25	11	2	999	999	999	1	705	1626	
90	25	12	2	999	999	999	1	805	1771	
90	25	13	2	999	1	1	1	804	1487	
90	25	14	2	999	999	999	1	926	1067	
90	25	15	2	999	999	999	1	594	1059	
90	25	16	2	999	999	999	1	940	1402	
90	25	17	2	999	999	999	1	853	1675	
90	25	18	2	999	999	999	1	530	1375	
90	25	19	2	999	999	999	1	864	1363	
90	25	20	2	999	999	999	1	732	1891	
90	26	1	2	999	999	999	1	1044	1872	
90	26	2	2	999	999	999	1	1263	1293	
90	26	3	2	999	999	999	1	1008	1928	
90	26	4	2	999	999	999	1	823	1759	
90	26	5	2	999	999	999	1	880	1758	
90	26	6	2	999	999	999	1	1103	1941	
90	26	7	2	999	999	999	1	1162	1848	
90	26	8	2	999	999	999	1	615	1854	
90	26	9	2	999	999	999	1	577	1966	
90	26	10	2	999	999	999	1	783	1018	
90	26	11	2	999	999	999	1	661	1420	
90	26	12	2	999	999	999	1	723	1851	
90	26	13	2	999	999	999	1	1442	1582	
90	26	14	2	999	999	999	1	737	1304	
90	26	15	2	999	999	999	1	949	1645	
90	26	16	2	999	999	999	1	578	1756	
90	26	17	2	999	999	999	1	835	1646	
90	26	18	2	999	1	1	1	383	1153	
90	26	19	2	999	999	999	1	894	1727	
90	26	20	2	999	999	999	1	576	1401	
90	27	1	2	999	999	999	1	770	1651	
90	27	2	2	999	1	1	1	812	1001	
90	27	3	2	999	999	999	1	772	1571	
90	27	4	2	999	999	999	1	652	1947	
90	27	5	2	999	999	999	1	628	1042	
90	27	6	2	999	999	999	1	1579	1860	
90	27	7	2	999	999	999	1	667	1289	
90	27	8	2	999	999	999	1	726	1381	
90	27	9	2	999	999	999	1	696	1720	
90	27	10	2	999	999	999	1	901	1818	
90	27	11	2	999	999	999	1	1315	1693	
90	27	12	2	999	999	999	1	1010	1022	
90	27	13	2	999	999	999	1	1231	1534	
90	27	14	2	999	999	999	1	1007	1545	
90	27	15	2	999	999	999	1	836	1800	
90	27	16	2	999	999	999	1	567	1015	
90	27	17	2	999	1	1	1	374	1792	
90	27	18	2	999	999	999	1	621	1788	
90	27	19	2	999	999	999	1	529	1327	
90	27	20	2	999	999	999	1	320	1832	
90	28	1	2	999	999	999	1	1940	1750	
90	28	2	2	999	999	999	1	567	1872	
90	28	3	2	999	999	999	1	685	1198	
90	28	4	2	999	999	999	1	1633	1775	
90	28	5	2	999	1	1	1	878	1120	
90	28	6	2	999	999	999	1	1181	1197	
90	28	7	2	999	999	999	1	656	1039	
90	28	8	2	999	999	999	1	560	1472	
90	28	9	2	999	999	999	1	751	1569	
90	28	10	2	999	1	1	1	1548	1748	
90	28	11	2	999	999	999	1	955	1679	
90	28	12	2	999	999	999	1	928	1382	
90	28	13	2	999	999	999	1	455	1211	
90	28	14	2	999	999	999	1	868	1582	
90	28	15	2	999	999	999	1	895	1647	
90	28	16	2	999	999	999	1	848	1291	
90	28	17	2	999	999	999	1	660	1119	
90	28	18	2	999	999	999	1	1006	1336	
90	28	19	2	999	1	1	1	1287	1680	
90	28	20	2	999	999	999	1	943	1812	
90	29	1	2	999	999	999	1	1234	1817	
90	29	2	2	999	999	999	1	804	1726	
90	29	3	2	999	1	1	1	1009	1215	
90	29	4	2	999	999	999	1	896	1886	
90	29	5	2	999	1	1	1	527	1780	
90	29	6	2	999	999	999	1	617	1044	
90	29	7	2	999	999	999	1	698	1895	
90	29	8	2	999	999	999	1	680	1284	
90	29	9	2	999	999	999	1	825	1941	
90	29	10	2	999	999	999	1	602	1664	
90	29	11	2	999	999	999	1	621	1061	
90	29	12	2	999	1	1	1	282	1104	
90	29	13	2	999	999	999	1	735	1180	
90	29	14	2	999	999	999	1	673	1534	
90	29	15	2	999	1	1	1	1281	1263	
90	29	16	2	999	999	999	1	1392	1273	
90	29	17	2	999	999	999	1	502	1837	
90	29	18	2	999	999	999	1	1584	1682	
90	29	19	2	999	999	999	1	492	1752	
90	29	20	2	999	999	999	1	503	1045	
90	30	1	2	999	999	999	1	946	1199	
90	30	2	2	999	1	1	1	1296	1715	
90	30	3	2	999	999	999	1	922	1979	
90	30	4	2	999	999	999	1	452	1502	
90	30	5	2	999	999	999	1	641	1010	
90	30	6	2	999	999	999	1	875	1315	
90	30	7	2	999	999	999	1	924	1102	
90	30	8	2	999	999	999	1	625	1054	
90	30	9	2	999	999	999	1	639	1966	
90	30	10	2	999	999	999	1	369	1747	
90	30	11	2	999	999	999	1	364	1482	
90	30	12	2	999	999	1	0	965	1942	
90	30	13	2	999	1	1	1	2535	1214	
90	30	14	2	999	999	999	1	913	1349	
90	30	15	2	999	1	1	1	954	1179	
90	30	16	2	999	999	999	1	1588	1731	
90	30	17	2	999	999	999	1	1082	1859	
90	30	18	2	999	999	999	1	652	1040	
90	30	19	2	999	999	999	1	781	1463	
90	30	20	2	999	1	1	1	1480	1816	
90	31	1	2	999	999	999	1	1124	1453	
90	31	2	2	999	1	1	1	1216	1818	
90	31	3	2	999	999	999	1	1235	1300	
90	31	4	2	999	1	1	1	795	1922	
90	31	5	2	999	999	999	1	683	1506	
90	31	6	2	999	999	999	1	714	1256	
90	31	7	2	999	999	999	1	885	1865	
90	31	8	2	999	999	999	1	500	1598	
90	31	9	2	999	999	999	1	687	1980	
90	31	10	2	999	999	999	1	737	1007	
90	31	11	2	999	999	999	1	1614	1031	
90	31	12	2	999	999	999	1	936	1724	
90	31	13	2	999	999	999	1	1569	1789	
90	31	14	2	999	1	1	1	1296	1303	
90	31	15	2	999	999	999	1	440	1878	
90	31	16	2	999	999	999	1	713	1008	
90	31	17	2	999	999	999	0	543	1299	
90	31	18	2	999	999	999	1	620	1453	
90	31	19	2	999	999	999	1	672	1187	
90	31	20	2	999	999	999	1	1212	1487	
90	32	1	2	999	999	999	1	1396	1834	
90	32	2	2	999	999	999	1	1685	1342	
90	32	3	2	999	999	999	1	735	1945	
90	32	4	2	999	999	999	1	1286	1022	
90	32	5	2	999	999	999	1	527	1164	
90	32	6	2	999	1	1	1	995	1939	
90	32	7	2	999	999	999	1	586	1837	
90	32	8	2	999	999	999	1	1298	1807	
90	32	9	2	999	999	999	1	750	1020	
90	32	10	2	999	1	1	1	979	1784	
90	32	11	2	999	999	999	1	869	1756	
90	32	12	2	999	999	999	1	755	1861	
90	32	13	2	999	999	999	1	730	1580	
90	32	14	2	999	999	999	1	801	1501	
90	32	15	2	999	999	999	1	786	1294	
90	32	16	2	999	999	999	1	481	1532	
90	32	17	2	999	999	999	1	547	1978	
90	32	18	2	999	999	999	1	1427	1288	
90	32	19	2	999	999	999	1	1271	1252	
90	32	20	2	999	999	999	1	507	1997	
